ROTC2-0-135.pdb 1 A    1     A 66.544 241.957 50.941 151.601 266.405 83.625 4.869 136.253 194.075
ROTC2-0-165.pdb 1 A    1     U 69.243 193.888 42.405 138.505 251.776 169.875 11.312 168.814 231.686
ROTC2-0-270.pdb 1 A    1     A 70.432 176.333 58.661 150.41 253.466 236.373 11.262 278.182 242.422
ROTC2-0-315.pdb 1 A    1     U 103.655 146.052 55.69 144.93 270.684 282.44 6.743 318.93 234.178
ROTC2-0-345.pdb 1 A    1     U 77.971 170.354 59.434 147.443 293.064 299.292 5.508 353.404 243.799
ROTC2-105-210.pdb 1 A    1     A 171.716 214.631 63.868 152.917 211.412 194.491 106.522 211.662 260.317
ROTC2-105-240.pdb 1 A    1     U 80.347 78.289 206.462 149.4 258.835 298.91 111.411 243.811 218.6
ROTC2-105-270.pdb 1 A    1     G 289.718 207.783 299.448 159.957 258.852 291.378 113.774 277.869 67.291
ROTC2-105-60.pdb 1 A    1     G 291.269 196.005 284.172 149.355 238.004 88.561 115.4 63.634 211.326
ROTC2-120-270.pdb 1 A    1     A 60.822 117.128 181.71 139.505 272.366 286.045 120.971 278.436 235.148
ROTC2-135-210.pdb 1 A    1     G 305.506 240.546 291.336 159.959 267.403 228.368 149.222 222.065 310.662
ROTC2-15-315.pdb 1 A    1     U 56.681 201.017 54.995 148.067 261.038 260.313 26.974 319.262 242.334
ROTC2-150-105.pdb 1 A    1     G 313.114 160.947 50.935 138.333 214.54 138.759 161.079 118.681 253.971
ROTC2-150-120.pdb 1 A    1     C 282.582 189.724 63.181 153.338 251.209 85.871 158.384 122.863 234.211
ROTC2-150-135.pdb 1 A    1     G 302.287 186.615 60.615 141.409 210.235 168.295 157.702 149.606 249.142
ROTC2-150-210.pdb 1 A    1     G 291.291 186.931 58.339 147.502 188.471 235.639 162.927 215.851 240.499
ROTC2-150-225.pdb 1 A    1     A 231.433 235.386 49.19 143.836 197.194 235.901 158.73 232.116 246.081
ROTC2-150-300.pdb 1 A    1     A 250.189 188.189 51.802 142.662 249.459 273.642 160.432 313.16 268.164
ROTC2-150-315.pdb 1 A    1     C 223.713 194.364 29.437 147.755 258.44 283.331 157.697 326.09 195.248
ROTC2-150-345.pdb 1 A    1     A 262.312 183.994 61.541 153.508 273.67 305.984 150.605 345.322 255.195
ROTC2-150-60.pdb 1 A    1     A 282.781 184.886 58.348 153.975 204.749 85.575 154.222 70.95 246.923
ROTC2-150-90.pdb 1 A    1     C 266.913 164.63 44.538 147.929 228.786 73.789 159.356 98.229 246.07
ROTC2-165-105.pdb 1 A    1     G 283.015 227.138 54.34 144.585 227.05 114.635 169.969 112.652 252.777
ROTC2-165-120.pdb 1 A    1     G 284.412 188.519 47.639 144.416 245.201 125.381 167.92 122.436 236.203
ROTC2-165-135.pdb 1 A    1     A 275.497 191.942 48.762 154.133 271.698 91.442 167.176 142.081 282.153
ROTC2-165-150.pdb 1 A    1     G 287.645 224.477 53.381 143.88 227.362 168.24 174.665 154.694 257.364
ROTC2-165-180.pdb 1 A    1     A 230.972 196.418 48.553 135.468 218.089 185.152 172.572 184.848 292.914
ROTC2-165-210.pdb 1 A    1     A 291.426 163.956 64.848 139.418 213.865 217.432 165.906 218.23 282.527
ROTC2-165-225.pdb 1 A    1     A 288.651 167.099 60.624 148.62 222.626 209.872 165.729 227.917 288.56
ROTC2-165-240.pdb 1 A    1     C 288.545 199.801 49.627 144.891 222.591 255.566 172.738 244.446 242.33
ROTC2-165-255.pdb 1 A    1     A 274.908 233.386 42.574 141.484 236.815 274.873 178.32 268.477 241.88
ROTC2-165-285.pdb 1 A    1     G 257.591 164.501 61.659 158.904 234.044 280.68 169.815 299.222 296.947
ROTC2-165-300.pdb 1 A    1     U 285.665 156.034 38.833 146.62 254.212 300.017 179.45 303.459 216.091
ROTC2-165-90.pdb 1 A    1     G 281.806 234.12 46.328 148.661 213.29 105.714 168.021 99.714 255.642
ROTC2-180-105.pdb 1 A    1     U 315.012 169.827 57.333 145.849 221.155 121.197 192.091 107.815 230.955
ROTC2-180-120.pdb 1 A    1     G 308.147 163.249 54.826 139.343 266.643 106.286 190.488 127.956 71.137
ROTC2-180-135.pdb 1 A    1     C 309.386 164.208 50.987 144.886 270.595 137.213 187.652 143.783 73.77
ROTC2-180-150.pdb 1 A    1     A 280.874 166.307 77.723 150.834 261.11 160.827 187.255 160.879 244.558
ROTC2-180-165.pdb 1 A    1     C 298.844 183.748 42.002 148.566 273.832 133.205 186.05 175.705 292.882
ROTC2-180-180.pdb 1 A    1     U 283.917 188.915 64.666 150.488 248.467 195.401 186.769 187.167 230.533
ROTC2-180-225.pdb 1 A    1     C 300.805 166.551 61.193 149.413 246.738 200.623 183.845 232.361 255.695
ROTC2-180-240.pdb 1 A    1     A 298.371 200.378 49.556 148.079 264.659 211.611 186.52 247.328 72.638
ROTC2-180-285.pdb 1 A    1     G 310.877 170.154 48.018 143.335 262.111 273.877 191.425 289.211 74.592
ROTC2-180-300.pdb 1 A    1     U 299.003 177.005 57.473 140.927 258.14 290.597 190.49 305.587 235.021
ROTC2-180-315.pdb 1 A    1     G 300.596 178.056 60.207 156.207 271.235 293.169 190.139 323.699 233.764
ROTC2-180-330.pdb 1 A    1     U 307.414 170.664 58.952 141.036 249.974 289.349 193.515 330.629 241.779
ROTC2-180-60.pdb 1 A    1     A 52.126 162.846 294.866 153.71 233.032 77.855 187.084 69.557 62.254
ROTC2-195-120.pdb 1 A    1     A 297.756 164.898 52.56 148.489 241.131 90.862 201.643 120.214 204.645
ROTC2-195-165.pdb 1 A    1     A 297.839 142.851 53.952 150.614 278.748 136.571 201.687 174.314 253.18
ROTC2-195-180.pdb 1 A    1     A 287.995 234.055 49.5 147.737 238.181 168.81 204.957 188.178 303.338
ROTC2-195-195.pdb 1 A    1     G 162.107 190.085 183.141 145.418 228.316 243.312 206 202.457 203.536
ROTC2-195-225.pdb 1 A    1     G 290.508 159.604 55.42 148.291 268.008 220.116 204.449 232.418 198.46
ROTC2-195-240.pdb 1 A    1     G 314.781 155.109 59.311 141.638 278.768 214.56 206.174 245.199 240.799
ROTC2-195-270.pdb 1 A    1     A 67.116 123.512 291.085 157.129 281.765 226.061 202.122 275.014 68.275
ROTC2-195-285.pdb 1 A    1     A 305.116 134.483 56.146 141.381 269.782 267.154 206.124 285.925 294.969
ROTC2-195-300.pdb 1 A    1     C 300.603 186.856 54.523 149.407 270.751 249.347 200.667 305.707 247.282
ROTC2-195-315.pdb 1 A    1     U 300.502 181.28 62.506 137.257 254.066 308.04 201.994 317.283 226.921
ROTC2-195-330.pdb 1 A    1     U 274.122 220.427 54.538 155.905 266.248 301.092 195.965 339.404 238.188
ROTC2-195-60.pdb 1 A    1     A 62.286 181.51 296.014 138.263 249.764 62.566 200.646 68.908 260.08
ROTC2-195-75.pdb 1 A    1     U 281.727 169.49 46.869 151.45 255.248 71.689 198.128 86.433 251.836
ROTC2-210-105.pdb 1 A    1     C 298.439 226.597 50.436 148.169 260.091 95.743 220.675 116.812 274.816
ROTC2-210-120.pdb 1 A    1     A 283.976 186.544 43.799 149.494 255.499 90.713 219.655 128.141 227.617
ROTC2-210-195.pdb 1 A    1     A 293.025 243.721 52.679 144.41 279.145 177.551 219.608 206.131 214.621
ROTC2-210-255.pdb 1 A    1     U 76.863 181.367 291.997 145.405 249.153 295.859 219.043 266.314 269.967
ROTC2-210-285.pdb 1 A    1     A 302.211 183.661 50.096 142.551 264.641 287.739 216.108 294.789 262.844
ROTC2-210-315.pdb 1 A    1     G 316.003 174.321 62.489 158.097 259.31 289.929 210.181 321.295 243.116
ROTC2-225-0.pdb 1 A    1     A 225.808 90.369 146.334 151.426 274.038 73.763 233.397 13.983 214.144
ROTC2-225-105.pdb 1 A    1     G 83.855 180.358 289.93 145.093 323.484 75.505 239.147 109.147 262.681
ROTC2-225-120.pdb 1 A    1     G 303.845 227.949 53.008 151.261 285.432 88.448 238.926 129.661 292.109
ROTC2-225-135.pdb 1 A    1     C 299.39 248.949 55.733 148.613 235.168 122.683 235.293 142.975 233.82
ROTC2-225-225.pdb 1 A    1     A 301.554 210.798 68.661 151.517 265.612 192.509 225.22 238.119 273.095
ROTC2-225-300.pdb 1 A    1     A 307.509 233.263 53.649 147.965 283.694 258.591 231.801 308.73 255.001
ROTC2-225-75.pdb 1 A    1     A 300.162 170.698 51.294 134.673 268.248 77.484 233.938 84.459 200.532
ROTC2-225-90.pdb 1 A    1     U 307.388 221.333 49.718 135.178 279.228 76.483 234.159 99.24 245.878
ROTC2-240-45.pdb 1 A    1     U 316.365 238.283 52.692 141.966 245.437 54.462 251.665 54.251 236.756
ROTC2-240-60.pdb 1 A    1     G 49.838 237.813 299.225 152.484 259.559 75.262 241.38 73.577 249.681
ROTC2-255-30.pdb 1 A    1     A 283.135 92.453 163.197 147.931 218.029 117.83 261.862 36.327 239.776
ROTC2-255-90.pdb 1 A    1     U 46.235 138.48 40.166 150.068 219.64 113.844 256.977 99.262 222.178
ROTC2-270-165.pdb 1 A    1     G 68.907 250.149 284.16 155.735 282.176 188.794 272.412 169.013 271.528
ROTC2-270-240.pdb 1 A    1     A 188.491 189.352 168.772 154.721 263.931 281.775 281.627 246.782 285.873
ROTC2-270-255.pdb 1 A    1     U 62.98 181.937 24.562 139.597 234.394 273.557 278.355 268.37 282.682
ROTC2-270-30.pdb 1 A    1     G 14.072 275.224 279.826 155.325 189.914 140.036 284.033 33.123 274.901
ROTC2-270-315.pdb 1 A    1     A 299.489 240.041 49.8 141.309 266.708 294.642 280.497 319.45 284.072
ROTC2-285-150.pdb 1 A    1     U 68.875 159.521 56.867 135.541 217.881 171.156 298.969 151.077 230.329
ROTC2-285-60.pdb 1 A    1     A 327.326 209.505 54.266 142.839 249.616 67.435 288.733 69.289 233.961
ROTC2-285-90.pdb 1 A    1     G 82.872 187.054 295.115 154.994 280.006 76.179 288.401 98.969 182.3
ROTC2-30-165.pdb 1 A    1     A 168.061 130.953 53.1 151.181 253.473 161.562 39.154 179.269 215.623
ROTC2-30-180.pdb 1 A    1     A 162.257 138.98 56.487 152.788 237.901 176.098 35.549 182.135 217.609
ROTC2-30-270.pdb 1 A    1     U 165.017 168.696 58.731 150.597 281.142 218.482 39.667 280.161 237.672
ROTC2-30-300.pdb 1 A    1     A 64.087 196.015 53.168 146.425 266.335 253.923 30.868 310.616 252.87
ROTC2-300-15.pdb 1 A    1     G 260.443 78.622 176.343 145.615 191.783 146.373 311.221 23.696 251.386
ROTC2-300-210.pdb 1 A    1     G 72.967 136.237 57.993 144.991 245.166 194.083 310.619 220.09 261.616
ROTC2-300-300.pdb 1 A    1     G 69.096 158.09 52.876 153.54 230.356 288.07 310.875 302.818 166.285
ROTC2-300-315.pdb 1 A    1     A 38.328 150.576 50.147 149.591 258.452 293.797 309.541 319.024 244.699
ROTC2-315-15.pdb 1 A    1     G 283.19 77.143 182.321 147.675 184.72 154.117 321.068 22.076 263.773
ROTC2-315-165.pdb 1 A    1     A 269.392 222.019 146.846 157.21 264.492 158.739 317.8 176.529 227.476
ROTC2-315-300.pdb 1 A    1     U 63.473 175.525 62.749 154.095 237.838 290.881 329.142 303.034 235.075
ROTC2-315-345.pdb 1 A    1     A 85.472 187.231 59.316 152.099 254.243 288.762 329.732 355.38 221.803
ROTC2-315-75.pdb 1 A    1     G 32.904 197.418 41.583 147.566 247.856 80.032 318.35 79.382 234.988
ROTC2-315-90.pdb 1 A    1     U 73.506 187.087 59.596 148.885 240.801 104.214 326.284 96.822 228.384
ROTC2-330-0.pdb 1 A    1     G 299.596 84.977 164.189 149.476 192.126 145.278 332.202 13.217 260.635
ROTC2-330-135.pdb 1 A    1     U 70.446 137.694 50.219 140.774 280.1 93.04 340.023 147.443 243.245
ROTC2-330-300.pdb 1 A    1     U 120.618 166.94 45.069 142.483 268.157 302.406 334.202 301.834 246.208
ROTC2-330-330.pdb 1 A    1     U 75.277 136.2 54.606 148.663 265.7 312.363 335.583 342.744 236.729
ROTC2-330-345.pdb 1 A    1     C 49.554 159.284 49.681 148.447 272.486 320.823 341.736 352.505 224.029
ROTC2-330-45.pdb 1 A    1     A 304.378 160.828 186.987 147.47 202.389 156.454 331.097 56.352 220.556
ROTC2-330-60.pdb 1 A    1     G 81.278 166.695 36.874 150.706 251.855 67.462 337.829 63.12 240.021
ROTC2-330-75.pdb 1 A    1     C 59.588 216.586 65.316 145.443 215.723 54.296 335.051 82.296 219.932
ROTC2-345-135.pdb 1 A    1     C 105.184 196.468 50.874 145.054 280.299 79.053 349.194 140.778 221.66
ROTC2-345-210.pdb 1 A    1     A 60.026 232.006 54.49 152.109 246.297 198.406 356.35 213.866 291.298
ROTC2-345-270.pdb 1 A    1     U 287.718 199.422 177.931 145.691 267.828 288.029 346.823 282.257 221.462
ROTC2-345-285.pdb 1 A    1     C 65.438 227.378 41.557 141.593 249.875 288.46 354.509 293.358 252.805
ROTC2-345-330.pdb 1 A    1     A 54.099 163.327 55.966 146.521 263.329 321.064 347.843 340.558 251.057
ROTC2-345-90.pdb 1 A    1     U 84.95 172.406 21.6 139.631 265.862 73.891 351.676 101.771 241.42
ROTC2-45-105.pdb 1 A    1     G 173.239 215.198 52.586 153.867 232.826 128.753 47.756 113.563 217.534
ROTC2-45-120.pdb 1 A    1     A 161.932 146.638 53.232 152.973 260.793 106.007 46.767 123.027 231.368
ROTC2-45-150.pdb 1 A    1     C 165.346 159.12 40.736 145.397 276.473 142.706 58.536 154.326 236.683
ROTC2-45-165.pdb 1 A    1     A 145.343 167.039 46.087 151.888 288.313 107.482 49.73 171.483 235.444
ROTC2-45-285.pdb 1 A    1     U 286.905 167.091 288.093 145.838 259.745 311.816 49.346 293.446 244.278
ROTC2-45-315.pdb 1 A    1     C 101.622 231.461 64.775 147.072 263.45 290.305 47.154 325.419 230.248
ROTC2-45-45.pdb 1 A    1     G 282.632 196.381 286.162 152.872 234.858 76.107 59.786 56.277 68.262
ROTC2-60-120.pdb 1 A    1     U 175.67 189.548 64.11 132.688 276.062 82.386 74.746 125.28 219.809
ROTC2-60-15.pdb 1 A    1     A 293.458 172.068 287.034 137.514 219.178 53.406 67.711 27.342 239.545
ROTC2-60-150.pdb 1 A    1     U 173.114 140.935 52.261 144.714 281.909 102.126 63.889 151.797 213.81
ROTC2-60-165.pdb 1 A    1     U 162.714 148.175 51.888 147.565 293.007 112.09 64.544 168.379 221.564
ROTC2-60-180.pdb 1 A    1     C 166.698 152.091 40.568 145.769 289.253 110.859 60.096 182.665 228.608
ROTC2-60-255.pdb 1 A    1     C 107.647 236.038 68.963 147.298 226.436 259.996 71.012 261.536 225.619
ROTC2-60-270.pdb 1 A    1     A 166.801 187.973 57.791 147.16 251.472 266.356 65.004 280.06 254.632
ROTC2-60-300.pdb 1 A    1     G 176.999 184.42 48.254 151.158 273.883 265.242 62.343 301.264 244.397
ROTC2-75-150.pdb 1 A    1     U 186.299 220.502 44.278 138.156 273.818 159.414 89.592 155.006 231.479
ROTC2-75-165.pdb 1 A    1     G 51.773 93.845 181.568 145.549 252.642 229.981 83.206 171.1 47.175
ROTC2-75-315.pdb 1 A    1     U 202.498 151.493 51.727 141.294 276.163 295.071 86.956 324.372 242.533
ROTC2-75-75.pdb 1 A    1     G 60.606 184.733 182.309 145.21 234.365 135.994 88.787 81.873 274.464
ROTC2-90-285.pdb 1 A    1     A 205.99 186.029 51.777 137.912 239.915 286.942 94.857 285.992 299.307
ROTC2-90-315.pdb 1 A    1     G 239.503 123.303 32.149 131.845 272.831 286.228 97.154 319.33 233.697
ROTC2-90-45.pdb 1 A    1     C 285.501 215.617 306.275 154.878 257.504 94.273 90.539 48.605 62.836
ROTC3-0-195.pdb 1 A    1     A 264.668 241.532 184.906 86.988 222.855 279.104 0.216 196.19 183.475
ROTC3-0-210.pdb 1 A    1     C 91.657 191.489 54.556 83.409 200.015 291.95 2.725 212.28 194.368
ROTC3-0-225.pdb 1 A    1     A 165.659 146.742 46.6 93.926 228.231 282.238 10.879 238.663 190.297
ROTC3-0-240.pdb 1 A    1     U 154.42 148.575 45.732 93.622 221.448 290.004 0.517 240.567 193.041
ROTC3-0-75.pdb 1 A    1     A 92.356 195.595 56.281 86.204 235.632 99.812 8.496 89.642 194.364
ROTC3-105-135.pdb 1 A    1     C 300.31 260.578 284.319 85.465 200.223 287.131 113.378 141.379 188.163
ROTC3-105-180.pdb 1 A    1     A 67.568 136.191 176.571 84.616 221.654 293.311 114.776 181.883 179.028
ROTC3-105-210.pdb 1 A    1     A 212.64 230.231 56.555 87.895 216.249 274.162 110.533 217.676 219.527
ROTC3-105-225.pdb 1 A    1     G 60.827 197.575 170.189 90.971 231.155 299.091 117.041 227.507 61.897
ROTC3-105-240.pdb 1 A    1     A 183.239 189.935 51.037 81.86 241.876 298.157 114.906 251.569 87.895
ROTC3-105-300.pdb 1 A    1     C 59.014 183.854 174.557 88.799 205.503 53.776 117.614 305.073 63
ROTC3-105-90.pdb 1 A    1     A 179.671 181.96 54.446 88.722 215.921 148.008 105.029 101.15 86.379
ROTC3-120-165.pdb 1 A    1     C 72.222 188.593 182.827 83.649 198.726 290.079 134.983 177.96 183.546
ROTC3-120-180.pdb 1 A    1     G 77.031 201.521 185.14 85.162 217.932 280.688 130.282 183.924 188.333
ROTC3-120-195.pdb 1 A    1     A 173.355 125.936 172.381 92.573 233.679 296.577 123.599 202.993 190.88
ROTC3-120-210.pdb 1 A    1     C 288.495 168.602 40.663 82.319 212.073 285.601 128.23 215.808 182.413
ROTC3-120-225.pdb 1 A    1     G 260.031 191.907 49.291 81.249 199.029 292.226 126.532 234.399 193.9
ROTC3-120-255.pdb 1 A    1     C 220.585 171.359 45.726 76.583 209.138 314.19 130.597 258.524 203.172
ROTC3-120-315.pdb 1 A    1     C 268.963 246.369 288.766 81.382 187.689 84.594 131.155 324.591 204.145
ROTC3-135-150.pdb 1 A    1     C 173.389 76.337 169.245 84.343 216.896 284.716 141.543 154.488 200.29
ROTC3-135-165.pdb 1 A    1     A 285.681 172.07 49.593 78.474 202.967 280.928 144.534 174.323 201.66
ROTC3-135-180.pdb 1 A    1     A 66.445 231.073 196.679 76.546 223.447 304.057 142.145 184.309 189.571
ROTC3-135-195.pdb 1 A    1     C 75.211 228.259 178.99 82.103 215.509 292.541 140.021 205.78 189.585
ROTC3-135-210.pdb 1 A    1     A 268.777 157.251 73.332 72.075 210.647 287.86 144.986 214.66 194.476
ROTC3-135-225.pdb 1 A    1     G 298.172 140.203 55.805 81.509 198.865 289.542 145.783 234.672 217.735
ROTC3-135-240.pdb 1 A    1     C 207.566 177.374 58.337 88.431 231.225 294.288 147.453 244.987 182.321
ROTC3-135-285.pdb 1 A    1     A 269.741 186.135 50.25 84.214 224.446 316.481 139.73 290.698 207.054
ROTC3-135-60.pdb 1 A    1     G 295.872 160.406 47.099 82.34 226.426 124.903 148.181 60.251 240.03
ROTC3-15-210.pdb 1 A    1     A 180.245 145.012 46.839 83.559 209.265 278.667 23.871 213.505 210.845
ROTC3-15-225.pdb 1 A    1     C 158.448 164.355 51.148 87.935 237.402 277.95 23.777 232.212 213.205
ROTC3-15-240.pdb 1 A    1     A 67.688 214.66 73.098 94.655 214.199 296.772 21.561 247.009 175.244
ROTC3-150-120.pdb 1 A    1     A 299.885 155.339 58.082 89.736 230.693 160.239 163.987 127.682 193.485
ROTC3-150-15.pdb 1 A    1     A 303.237 153.601 58.493 82.754 208.301 63.22 160.868 26.09 192.912
ROTC3-150-150.pdb 1 A    1     U 172.318 125.12 177.115 83.34 226.334 271.379 157.314 156.261 201.233
ROTC3-150-165.pdb 1 A    1     G 313.871 155.867 50.43 79.768 173.546 269.526 157.885 171.876 206.292
ROTC3-150-180.pdb 1 A    1     G 148.131 197.682 179.898 81.906 221.47 280.265 157.855 186.961 192.381
ROTC3-150-195.pdb 1 A    1     A 156.514 183.586 170.719 82.712 232.586 284.693 158.376 200.751 184.914
ROTC3-150-210.pdb 1 A    1     C 294.631 169.792 47.479 81.819 212.979 286.723 157.372 218.018 202.259
ROTC3-150-225.pdb 1 A    1     A 290.089 174.494 52.97 80.514 216.443 301.681 159.219 233.623 189.54
ROTC3-150-240.pdb 1 A    1     U 280.286 179.731 53.431 80.243 214.503 295.965 157.822 246.56 205.193
ROTC3-150-255.pdb 1 A    1     G 287.062 177.45 50.621 80.719 223.347 294.584 158.527 265.224 198.543
ROTC3-150-270.pdb 1 A    1     G 305.868 168.41 43.956 80.657 208.725 310.525 163.715 273.756 212.327
ROTC3-150-285.pdb 1 A    1     C 293.447 172.043 44.737 87.17 250.471 314.735 161.273 299.7 202.906
ROTC3-150-30.pdb 1 A    1     U 291.149 174.892 52.367 81.93 196.483 112.476 163.682 32.466 210.466
ROTC3-150-330.pdb 1 A    1     C 107.439 247.657 187.748 85.455 192.416 59.409 157.359 336.46 188.004
ROTC3-150-345.pdb 1 A    1     U 87.473 228.936 196.535 82.693 196.224 123.701 157.321 357.896 201.173
ROTC3-150-45.pdb 1 A    1     U 287.195 170.6 58.163 80.77 215.344 125.964 160.822 58.281 205.119
ROTC3-165-0.pdb 1 A    1     G 291.244 183.323 50.084 85.566 233.177 73.594 177.676 11.582 212.141
ROTC3-165-105.pdb 1 A    1     C 286.519 193.268 54.087 86.633 258.502 163.479 166.94 119.599 210.218
ROTC3-165-120.pdb 1 A    1     U 299.1 180.517 44.145 81.561 212.529 165.136 168.947 121.021 200.136
ROTC3-165-15.pdb 1 A    1     U 299.709 171.388 55.615 83.275 196.418 104.081 171.389 28.396 202.969
ROTC3-165-150.pdb 1 A    1     C 296.504 181.831 45.338 88.337 222.758 196.814 171.871 159.491 203.999
ROTC3-165-165.pdb 1 A    1     C 283.679 196.903 52.574 83.82 220.716 233.329 174.417 171.183 200.537
ROTC3-165-180.pdb 1 A    1     C 305.063 172.35 44.752 83.939 221.679 214.942 172.044 185.323 205.688
ROTC3-165-195.pdb 1 A    1     C 301.693 172.945 53.858 79.341 196.464 285.2 171.955 202.11 198.247
ROTC3-165-210.pdb 1 A    1     C 298.479 174.554 52.082 79.767 213.799 288.201 171.779 217.373 196.419
ROTC3-165-225.pdb 1 A    1     C 305.422 177.866 45.284 80.945 217.488 300.548 172.627 232.44 201.294
ROTC3-165-240.pdb 1 A    1     A 286.43 200.382 59.604 91.944 233.787 290.617 174.216 247.927 166.812
ROTC3-165-255.pdb 1 A    1     A 294.227 161.08 53.858 88.812 243.706 297.888 169.916 262.1 224.94
ROTC3-165-270.pdb 1 A    1     A 288.627 177.64 53.864 86.218 216.237 302.979 170.861 277.507 235.87
ROTC3-165-315.pdb 1 A    1     C 287.023 160.308 60.128 87.036 252.894 333.574 167.612 321.15 199.913
ROTC3-165-330.pdb 1 A    1     C 293.611 174.638 58.044 83.141 208.727 50.313 171.693 339.592 209.956
ROTC3-165-345.pdb 1 A    1     G 299.351 169.374 55.634 74.814 191.88 56.03 166.061 357.658 191.176
ROTC3-165-45.pdb 1 A    1     C 289.258 185.353 52.707 80.746 225.004 132.397 174.382 55.401 205.758
ROTC3-165-60.pdb 1 A    1     G 290.628 178.247 51.528 79.652 216.334 141.335 165.611 70.808 214.249
ROTC3-165-75.pdb 1 A    1     U 305.51 168.187 52.703 84.613 205.499 149.574 173.598 78.646 203.177
ROTC3-165-90.pdb 1 A    1     G 288.803 191.308 51.15 81.19 211.804 182.308 175.481 99.531 201.763
ROTC3-180-105.pdb 1 A    1     C 141.542 202.758 197.476 87.466 193.815 238.875 186.386 114.118 192.337
ROTC3-180-120.pdb 1 A    1     C 299.575 159.446 82.083 76.901 202.074 208.162 183.924 123.833 190.004
ROTC3-180-15.pdb 1 A    1     A 300.272 177.636 58.617 82.921 204.912 81.554 181.285 28.468 201.176
ROTC3-180-165.pdb 1 A    1     A 285.856 147.767 41.743 83.524 236.129 247.688 183.989 172.043 228.314
ROTC3-180-180.pdb 1 A    1     A 74.822 244.112 184.107 80.184 203.077 277.739 186.467 184.237 180.919
ROTC3-180-195.pdb 1 A    1     A 241.75 77.714 161.023 94.77 247.919 292.948 191.821 201.252 183.434
ROTC3-180-210.pdb 1 A    1     A 310.824 175.921 51.958 82.768 210.556 288.542 186.993 216.681 202.599
ROTC3-180-225.pdb 1 A    1     G 282.957 190.807 60.34 84.349 217.494 296.835 188.234 232.166 185.151
ROTC3-180-240.pdb 1 A    1     A 281.806 217.305 61.442 84.348 229.012 295.436 187.32 244.775 181.943
ROTC3-180-255.pdb 1 A    1     A 308.34 154.619 50.825 93.82 248.594 293.729 185.434 265.57 246.975
ROTC3-180-30.pdb 1 A    1     A 150.951 204.893 189.346 84.197 247.724 96.002 181.998 38.157 192.444
ROTC3-180-330.pdb 1 A    1     C 302.375 206.275 46.946 79.133 179.3 47.995 194.489 334.755 250.075
ROTC3-180-60.pdb 1 A    1     A 296.881 198.4 54.097 86.209 210.814 94.076 191.399 67.967 205.705
ROTC3-195-135.pdb 1 A    1     A 259.063 72.349 170.409 85.507 206.751 282.765 204.367 141.611 180.947
ROTC3-195-150.pdb 1 A    1     C 316.082 187.06 35.742 79.898 181.341 251.739 195.539 155.354 193.715
ROTC3-195-165.pdb 1 A    1     G 265.651 79.91 180.713 78.189 245.659 283.505 201.326 169.031 162.944
ROTC3-195-180.pdb 1 A    1     A 254.056 79.589 161.193 85.074 243.519 297.481 200.486 193.609 175.472
ROTC3-195-195.pdb 1 A    1     G 87.237 246.967 185.098 84.512 218.595 277.041 201.13 198.831 184.216
ROTC3-195-210.pdb 1 A    1     G 304.956 162.659 46.404 80.249 212.119 287.059 196.781 217.736 187.509
ROTC3-195-225.pdb 1 A    1     A 291.139 166.533 44.311 85.778 229.372 282.171 200.799 229.159 193.559
ROTC3-195-90.pdb 1 A    1     C 293.064 181.896 59.22 87.893 270.449 94.479 198.249 98.381 203.953
ROTC3-210-135.pdb 1 A    1     G 266.721 61.472 178.645 80.708 207.952 287.621 213.015 138.424 194.242
ROTC3-210-150.pdb 1 A    1     C 295.55 219.867 61.572 88.841 195.995 211.669 213.23 155.746 259.394
ROTC3-210-165.pdb 1 A    1     G 188.343 173.513 181.574 81.21 214.511 278.156 218.896 171.61 190.398
ROTC3-210-180.pdb 1 A    1     A 26.077 274.21 255.394 98.521 219.852 308.316 211.462 182.663 186.006
ROTC3-210-195.pdb 1 A    1     G 88.01 253.418 183.099 84.863 227.735 279.084 211.631 202.409 183.512
ROTC3-210-60.pdb 1 A    1     G 299.41 221.606 61.615 85.184 191.942 154.407 220.985 72.17 262.561
ROTC3-225-180.pdb 1 A    1     G 303.355 214.845 80.577 92.293 234.43 207.64 234.67 185.733 287.199
ROTC3-225-210.pdb 1 A    1     G 293.255 204.345 54.987 85.16 204.569 293.244 233.049 218.843 188.55
ROTC3-225-225.pdb 1 A    1     G 300.81 191.134 53.019 85.784 206.477 301.333 231.132 228.616 188.414
ROTC3-225-240.pdb 1 A    1     U 294.98 197.426 59.344 86.052 239.449 292.126 234.632 252.489 196.994
ROTC3-240-135.pdb 1 A    1     C 277.457 80.11 180.267 82.978 215.518 280.013 248.792 139.852 191.96
ROTC3-240-165.pdb 1 A    1     G 310.078 223.465 61.905 89.099 233.63 190.505 246.264 167.648 77.211
ROTC3-240-210.pdb 1 A    1     C 32.588 147.353 45.639 82.762 209.252 284.507 248.599 219.385 182.294
ROTC3-240-225.pdb 1 A    1     G 293.793 191.33 51.066 89.012 223.917 289.513 245.268 234.902 176.996
ROTC3-240-45.pdb 1 A    1     A 82.401 128.233 38.898 84.487 217.571 115.039 252.979 57.467 192.91
ROTC3-240-60.pdb 1 A    1     A 274.439 228.518 125.161 84.521 245.709 111.347 247.162 62.793 185.091
ROTC3-255-15.pdb 1 A    1     A 66.519 220.747 296.271 99.869 207.441 137.866 257.813 25.606 69.646
ROTC3-255-225.pdb 1 A    1     A 57.737 158.907 49.865 85.27 230.455 282.094 260.923 229.88 195.746
ROTC3-255-30.pdb 1 A    1     A 56.25 145.048 56.014 85.21 246.98 82.269 262.392 38.316 183.545
ROTC3-255-60.pdb 1 A    1     C 311.178 234.27 50.497 85.165 199.162 148.634 261.493 62.01 210.813
ROTC3-270-0.pdb 1 A    1     U 63.858 121.662 40.093 83.276 207.874 47.421 270.921 8.988 202.366
ROTC3-270-150.pdb 1 A    1     A 284.449 148.565 183.398 78.228 191.064 284.448 281.692 152.701 199.788
ROTC3-270-180.pdb 1 A    1     A 282.124 185.176 179.977 83.865 219.543 291.01 283.734 193.973 195.914
ROTC3-270-195.pdb 1 A    1     A 294.522 187.27 166.667 86.506 217.075 289.799 282.12 200.082 196.008
ROTC3-270-210.pdb 1 A    1     A 85.703 140.408 56.279 81.043 207.15 291.335 271.215 224.578 192.81
ROTC3-270-225.pdb 1 A    1     G 66.524 118.678 43.645 80 209.236 295.388 272.666 235.361 190.791
ROTC3-270-240.pdb 1 A    1     C 61.396 150.845 57.781 81.306 232.28 299.782 272.32 249.099 195.871
ROTC3-270-255.pdb 1 A    1     A 58.71 126.49 52.43 84.103 228.94 300.585 284.066 255.046 182.091
ROTC3-270-30.pdb 1 A    1     U 291.607 144.756 184.497 81.414 212.781 129.397 271.093 31.085 192.838
ROTC3-285-165.pdb 1 A    1     G 286.621 189.719 173.525 83.847 211.769 249.252 288.658 175.1 195.791
ROTC3-285-225.pdb 1 A    1     G 56.776 136.064 50.063 83.176 222.753 292.273 299.398 239.283 188.13
ROTC3-285-255.pdb 1 A    1     A 56.944 136.047 55.404 83.55 236.733 307.509 296.2 264.54 177.854
ROTC3-285-270.pdb 1 A    1     A 60.165 180.072 56.199 88.934 261.23 256.063 299.745 274.241 278.632
ROTC3-285-30.pdb 1 A    1     U 56.38 127.065 47.546 83.797 184.008 117.004 295.978 39.909 186.945
ROTC3-285-345.pdb 1 A    1     A 304.559 141.518 178.098 85.926 199.227 128.748 286.176 357.257 230.284
ROTC3-30-225.pdb 1 A    1     C 170.286 164.846 51.811 85.187 217.843 289.448 31.205 228.579 188.822
ROTC3-300-105.pdb 1 A    1     A 73.106 173.254 52.297 85.437 233.185 171.04 301.782 110.287 191.637
ROTC3-300-15.pdb 1 A    1     A 43.044 126.83 54.34 89.805 240.484 60.318 301.902 25.301 251.456
ROTC3-300-180.pdb 1 A    1     A 297.146 159.889 194.358 77.606 224.143 296.671 303.421 187.297 192.399
ROTC3-300-195.pdb 1 A    1     C 76.345 177.302 57.013 80.343 202.866 278.211 308.384 200.398 189.812
ROTC3-300-210.pdb 1 A    1     A 56.469 178.983 48.282 85.516 200.332 296.419 306.56 219.942 191.316
ROTC3-300-225.pdb 1 A    1     G 77.094 182.428 53.553 88.832 209.88 294.843 306.967 228.958 182.252
ROTC3-300-30.pdb 1 A    1     A 76.471 152.771 46.328 86.843 205.328 105.933 310.587 35.919 193.093
ROTC3-300-90.pdb 1 A    1     C 57.326 163.269 67.207 89.696 261.794 95.371 308.5 99.551 195.096
ROTC3-315-180.pdb 1 A    1     C 299.135 165.7 190.344 79.567 191.549 288.369 319.782 185.124 206.206
ROTC3-315-195.pdb 1 A    1     U 308.513 174.343 198.888 92.568 235.338 289.836 323.423 201.14 198.59
ROTC3-315-210.pdb 1 A    1     G 109.031 164.446 57.458 86.28 213.577 282.893 321.831 219.658 181.167
ROTC3-315-225.pdb 1 A    1     U 80.082 145.944 49.853 81.808 220.483 287.925 322.78 230.208 187.14
ROTC3-315-240.pdb 1 A    1     A 57.919 199.212 55.027 92.203 231.139 289.931 323.461 242.691 171.933
ROTC3-330-210.pdb 1 A    1     A 291.306 224.398 183.032 92.298 228.919 293.466 341.469 213.721 178.186
ROTC3-330-225.pdb 1 A    1     G 74.356 158.296 59.366 87.039 203.797 301.072 339.777 230.83 191.656
ROTC3-330-330.pdb 1 A    1     U 64.618 211.555 58.887 82.532 168.8 51.642 344.754 333.006 206.818
ROTC3-345-210.pdb 1 A    1     U 82.361 201.114 57.476 80.193 214.969 283.177 346.717 215.361 195.931
ROTC3-345-225.pdb 1 A    1     C 149.438 157.808 47.907 81.885 214.889 292.887 349.804 228.062 198.519
ROTC3-345-240.pdb 1 A    1     G 150.014 161.418 42.841 88.779 230.891 291.918 356.372 243.954 183.161
ROTC3-345-255.pdb 1 A    1     C 70.524 183.297 54.621 79.154 174.33 34.469 355.356 266.028 208.531
ROTC3-345-285.pdb 1 A    1     A 49.371 201.954 57.344 91.333 21.746 183.105 353.409 299.704 259.353
ROTC3-345-30.pdb 1 A    1     G 118.584 116.189 38.415 83.632 219.435 56.72 348.981 39.735 233.983
ROTC3-345-315.pdb 1 A    1     G 310.19 150.51 178.248 85.934 205.549 90.632 357.17 323 80.922
ROTC3-45-150.pdb 1 A    1     G 47.517 105.339 172.487 79.343 221.411 279.925 47.621 150.787 178.005
ROTC3-45-210.pdb 1 A    1     C 172.549 172.09 55.719 82.672 219.433 285.077 47.153 220.156 214.446
ROTC3-45-240.pdb 1 A    1     A 107.197 206.583 62.222 88.735 229.802 295.388 47.214 246.76 180.644
ROTC3-45-45.pdb 1 A    1     C 106.433 229.719 68.438 86.913 212.03 75.436 58.746 50.375 204.903
ROTC3-60-15.pdb 1 A    1     A 73.117 116.165 181.979 84.525 233.515 127.202 72.115 25.153 214.531
ROTC3-60-150.pdb 1 A    1     G 76.876 103.906 176.646 86.726 216.36 282.721 70.546 155.164 191.042
ROTC3-60-165.pdb 1 A    1     G 63.741 146.956 182.977 90.353 232.606 274.752 70.647 176.929 179.742
ROTC3-60-210.pdb 1 A    1     U 140.657 173.069 48.807 79.96 209.76 297.48 67.05 223.537 192.06
ROTC3-60-30.pdb 1 A    1     A 121.295 211.036 71.865 91.646 242.963 66.637 68.628 36.682 215.772
ROTC3-75-150.pdb 1 A    1     A 72.281 147.193 195.309 87.516 225.373 263.108 86.917 156.669 212.148
ROTC3-75-165.pdb 1 A    1     G 257.627 219.015 285.616 88.83 199.737 297.27 83.223 168.378 184.665
ROTC3-90-210.pdb 1 A    1     A 174.623 186.498 54.312 78.186 201.874 299.658 99.69 214.627 186.464
ROTC3-90-255.pdb 1 A    1     A 65.086 199.701 187.419 83.336 259.084 324.767 99.706 257.922 64.426
