ROTC2-0-130.pdb 1 A    1     A 66.544 241.957 50.941 151.601 266.405 83.625 4.869 136.253 194.075
ROTC2-0-310.pdb 1 A    1     U 103.655 146.052 55.69 144.93 270.684 282.44 6.743 318.93 234.178
ROTC2-0-340.pdb 1 A    1     G 75.247 145.263 69.353 139.953 257.427 308.56 4.146 347.944 241.584
ROTC2-0-350.pdb 1 A    1     U 77.971 170.354 59.434 147.443 293.064 299.292 5.508 353.404 243.799
ROTC2-10-160.pdb 1 A    1     U 69.243 193.888 42.405 138.505 251.776 169.875 11.312 168.814 231.686
ROTC2-10-270.pdb 1 A    1     A 70.432 176.333 58.661 150.41 253.466 236.373 11.262 278.182 242.422
ROTC2-10-320.pdb 1 A    1     C 75.963 185.288 55.417 149.262 271.752 300.125 15.578 329.427 247.393
ROTC2-100-210.pdb 1 A    1     A 171.716 214.631 63.868 152.917 211.412 194.491 106.522 211.662 260.317
ROTC2-110-240.pdb 1 A    1     U 80.347 78.289 206.462 149.4 258.835 298.91 111.411 243.811 218.6
ROTC2-110-270.pdb 1 A    1     G 289.718 207.783 299.448 159.957 258.852 291.378 113.774 277.869 67.291
ROTC2-110-60.pdb 1 A    1     G 291.269 196.005 284.172 149.355 238.004 88.561 115.4 63.634 211.326
ROTC2-120-270.pdb 1 A    1     A 60.822 117.128 181.71 139.505 272.366 286.045 120.971 278.436 235.148
ROTC2-140-220.pdb 1 A    1     G 305.506 240.546 291.336 159.959 267.403 228.368 149.222 222.065 310.662
ROTC2-150-120.pdb 1 A    1     C 282.582 189.724 63.181 153.338 251.209 85.871 158.384 122.863 234.211
ROTC2-150-140.pdb 1 A    1     G 302.287 186.615 60.615 141.409 210.235 168.295 157.702 149.606 249.142
ROTC2-150-230.pdb 1 A    1     A 231.433 235.386 49.19 143.836 197.194 235.901 158.73 232.116 246.081
ROTC2-150-320.pdb 1 A    1     C 223.713 194.364 29.437 147.755 258.44 283.331 157.697 326.09 195.248
ROTC2-150-340.pdb 1 A    1     A 262.312 183.994 61.541 153.508 273.67 305.984 150.605 345.322 255.195
ROTC2-150-70.pdb 1 A    1     A 282.781 184.886 58.348 153.975 204.749 85.575 154.222 70.95 246.923
ROTC2-150-90.pdb 1 A    1     C 266.913 164.63 44.538 147.929 228.786 73.789 159.356 98.229 246.07
ROTC2-160-110.pdb 1 A    1     G 313.114 160.947 50.935 138.333 214.54 138.759 161.079 118.681 253.971
ROTC2-160-120.pdb 1 A    1     G 284.412 188.519 47.639 144.416 245.201 125.381 167.92 122.436 236.203
ROTC2-160-140.pdb 1 A    1     A 275.497 191.942 48.762 154.133 271.698 91.442 167.176 142.081 282.153
ROTC2-160-210.pdb 1 A    1     G 291.291 186.931 58.339 147.502 188.471 235.639 162.927 215.851 240.499
ROTC2-160-220.pdb 1 A    1     G 290.968 190.072 61.253 150.244 188.315 244.445 165.335 223.824 238.499
ROTC2-160-290.pdb 1 A    1     G 257.591 164.501 61.659 158.904 234.044 280.68 169.815 299.222 296.947
ROTC2-160-310.pdb 1 A    1     A 250.189 188.189 51.802 142.662 249.459 273.642 160.432 313.16 268.164
ROTC2-160-90.pdb 1 A    1     G 281.806 234.12 46.328 148.661 213.29 105.714 168.021 99.714 255.642
ROTC2-170-100.pdb 1 A    1     U 288.036 192.844 53.443 153.71 233.882 107.701 174.771 108.645 222.018
ROTC2-170-110.pdb 1 A    1     G 301.826 176.475 55.567 152.429 253.256 121.103 179.994 111.318 251.661
ROTC2-170-140.pdb 1 A    1     G 298.806 195.411 41.954 143.992 213.612 170.654 178.648 143.984 255.147
ROTC2-170-150.pdb 1 A    1     G 287.645 224.477 53.381 143.88 227.362 168.24 174.665 154.694 257.364
ROTC2-170-180.pdb 1 A    1     A 230.972 196.418 48.553 135.468 218.089 185.152 172.572 184.848 292.914
ROTC2-170-220.pdb 1 A    1     A 285.456 185.852 61.183 164.011 261.426 164.112 179.308 226.84 257.181
ROTC2-170-240.pdb 1 A    1     C 288.545 199.801 49.627 144.891 222.591 255.566 172.738 244.446 242.33
ROTC2-170-260.pdb 1 A    1     A 274.908 233.386 42.574 141.484 236.815 274.873 178.32 268.477 241.88
ROTC2-170-300.pdb 1 A    1     U 285.665 156.034 38.833 146.62 254.212 300.017 179.45 303.459 216.091
ROTC2-180-120.pdb 1 A    1     U 288.627 209.856 57.925 148.187 200.006 141.595 180.048 123.941 229.8
ROTC2-180-130.pdb 1 A    1     A 305.972 172.546 55.131 154.403 246.247 93.664 180.59 133.601 249.074
ROTC2-180-140.pdb 1 A    1     C 309.386 164.208 50.987 144.886 270.595 137.213 187.652 143.783 73.77
ROTC2-180-160.pdb 1 A    1     G 306.479 168.753 60.75 139.426 233.97 171.834 183.456 164.868 251.274
ROTC2-180-170.pdb 1 A    1     C 298.844 183.748 42.002 148.566 273.832 133.205 186.05 175.705 292.882
ROTC2-180-180.pdb 1 A    1     C 300.2 165.96 51.759 146.533 240.379 174.643 183.96 187.201 235.207
ROTC2-180-190.pdb 1 A    1     U 235.097 232.659 57.398 151.886 235.264 199.043 189.402 190.182 239.058
ROTC2-180-220.pdb 1 A    1     A 283.706 229.609 57.692 153.058 200.95 212.445 189.769 228.743 283.045
ROTC2-180-230.pdb 1 A    1     C 300.805 166.551 61.193 149.413 246.738 200.623 183.845 232.361 255.695
ROTC2-180-240.pdb 1 A    1     A 298.371 200.378 49.556 148.079 264.659 211.611 186.52 247.328 72.638
ROTC2-180-280.pdb 1 A    1     A 303.078 163.388 70.624 152.849 248.292 269.03 188.913 285.753 243.698
ROTC2-180-290.pdb 1 A    1     A 304.311 184.468 61.104 156.563 266.94 244.35 189.299 298.413 251.139
ROTC2-180-300.pdb 1 A    1     C 301.551 176.4 61.505 147.116 232.591 283.783 180.046 309.066 237.612
ROTC2-180-310.pdb 1 A    1     U 286.431 198.417 72.253 153.053 262.487 277.941 183.305 310.144 238.469
ROTC2-180-320.pdb 1 A    1     U 304.273 173.918 57.882 151.775 251.62 309.295 187.89 329.705 249.365
ROTC2-180-60.pdb 1 A    1     A 52.126 162.846 294.866 153.71 233.032 77.855 187.084 69.557 62.254
ROTC2-190-100.pdb 1 A    1     U 315.012 169.827 57.333 145.849 221.155 121.197 192.091 107.815 230.955
ROTC2-190-120.pdb 1 A    1     G 308.147 163.249 54.826 139.343 266.643 106.286 190.488 127.956 71.137
ROTC2-190-130.pdb 1 A    1     G 299.884 176.118 57.333 145.802 259.465 125.664 190.957 131.184 238.737
ROTC2-190-150.pdb 1 A    1     U 309.41 164.122 60.344 139.398 249.754 165.055 192.71 157.022 226.388
ROTC2-190-160.pdb 1 A    1     U 301.281 172.21 60.789 149.659 260.59 174.579 192.169 168.348 231.466
ROTC2-190-170.pdb 1 A    1     A 291.171 156.227 43.838 151.369 276.62 93.794 191.161 175.079 234.295
ROTC2-190-180.pdb 1 A    1     A 296.396 195.8 48.973 121.433 237.726 184.142 194.899 184.337 294.839
ROTC2-190-280.pdb 1 A    1     G 310.877 170.154 48.018 143.335 262.111 273.877 191.425 289.211 74.592
ROTC2-190-290.pdb 1 A    1     C 285.76 213.172 58.865 147.563 242.184 259.677 191.262 297.074 225.17
ROTC2-190-300.pdb 1 A    1     C 113.733 119.211 309.228 167.211 273.002 230.44 194.31 301.474 247.153
ROTC2-190-310.pdb 1 A    1     U 302.027 181.051 61.198 146.523 243.994 263.791 194.755 314.363 236.572
ROTC2-190-320.pdb 1 A    1     G 303.749 183.512 51.766 143.213 255.573 317.112 192.928 324.017 245.367
ROTC2-190-330.pdb 1 A    1     U 274.122 220.427 54.538 155.905 266.248 301.092 195.965 339.404 238.188
ROTC2-190-70.pdb 1 A    1     A 47.333 170.843 297.819 153.119 235.164 79.199 191.027 70.793 57.527
ROTC2-190-80.pdb 1 A    1     U 281.727 169.49 46.869 151.45 255.248 71.689 198.128 86.433 251.836
ROTC2-20-310.pdb 1 A    1     U 56.681 201.017 54.995 148.067 261.038 260.313 26.974 319.262 242.334
ROTC2-200-120.pdb 1 A    1     A 297.756 164.898 52.56 148.489 241.131 90.862 201.643 120.214 204.645
ROTC2-200-160.pdb 1 A    1     G 303.409 196.755 48.924 146.72 242.983 171.504 204.42 167.077 265.486
ROTC2-200-170.pdb 1 A    1     A 297.839 142.851 53.952 150.614 278.748 136.571 201.687 174.314 253.18
ROTC2-200-180.pdb 1 A    1     A 287.995 234.055 49.5 147.737 238.181 168.81 204.957 188.178 303.338
ROTC2-200-200.pdb 1 A    1     G 162.107 190.085 183.141 145.418 228.316 243.312 206 202.457 203.536
ROTC2-200-230.pdb 1 A    1     G 290.508 159.604 55.42 148.291 268.008 220.116 204.449 232.418 198.46
ROTC2-200-240.pdb 1 A    1     G 314.781 155.109 59.311 141.638 278.768 214.56 206.174 245.199 240.799
ROTC2-200-270.pdb 1 A    1     A 67.116 123.512 291.085 157.129 281.765 226.061 202.122 275.014 68.275
ROTC2-200-280.pdb 1 A    1     A 305.116 134.483 56.146 141.381 269.782 267.154 206.124 285.925 294.969
ROTC2-200-300.pdb 1 A    1     C 300.603 186.856 54.523 149.407 270.751 249.347 200.667 305.707 247.282
ROTC2-200-310.pdb 1 A    1     G 299.419 216.371 47.959 144.88 241.019 287.086 206.289 315.249 284.796
ROTC2-200-60.pdb 1 A    1     G 64.468 213.925 195.855 143.344 283.74 87.718 202.921 60.855 228.958
ROTC2-210-120.pdb 1 A    1     C 298.848 184.604 50.411 145.677 224.578 157.109 217.937 121.98 232.054
ROTC2-210-190.pdb 1 A    1     G 298.566 227.88 49.377 129.833 230.946 192.26 212.236 195.994 278.129
ROTC2-210-200.pdb 1 A    1     A 293.025 243.721 52.679 144.41 279.145 177.551 219.608 206.131 214.621
ROTC2-210-260.pdb 1 A    1     U 76.863 181.367 291.997 145.405 249.153 295.859 219.043 266.314 269.967
ROTC2-210-280.pdb 1 A    1     A 92.657 211.463 175.638 136.338 270.781 283.511 210.561 285.57 279.201
ROTC2-210-290.pdb 1 A    1     A 302.211 183.661 50.096 142.551 264.641 287.739 216.108 294.789 262.844
ROTC2-210-320.pdb 1 A    1     G 316.003 174.321 62.489 158.097 259.31 289.929 210.181 321.295 243.116
ROTC2-220-100.pdb 1 A    1     U 301.032 220.08 52.077 144.012 271.994 87.643 226.126 103.712 226.841
ROTC2-220-110.pdb 1 A    1     C 298.439 226.597 50.436 148.169 260.091 95.743 220.675 116.812 274.816
ROTC2-220-230.pdb 1 A    1     A 301.554 210.798 68.661 151.517 265.612 192.509 225.22 238.119 273.095
ROTC2-220-310.pdb 1 A    1     U 267.775 168.414 74.872 138.48 274.746 258.919 228.514 313.087 235.866
ROTC2-220-80.pdb 1 A    1     G 188.384 195.355 190.112 139.425 234.799 141.987 226.657 85.067 267.319
ROTC2-230-10.pdb 1 A    1     A 225.808 90.369 146.334 151.426 274.038 73.763 233.397 13.983 214.144
ROTC2-230-100.pdb 1 A    1     G 83.855 180.358 289.93 145.093 323.484 75.505 239.147 109.147 262.681
ROTC2-230-120.pdb 1 A    1     G 303.845 227.949 53.008 151.261 285.432 88.448 238.926 129.661 292.109
ROTC2-230-130.pdb 1 A    1     C 298.087 242.841 65.19 145.248 240.543 119.548 239.617 135.014 245.335
ROTC2-230-140.pdb 1 A    1     C 299.39 248.949 55.733 148.613 235.168 122.683 235.293 142.975 233.82
ROTC2-230-300.pdb 1 A    1     A 307.509 233.263 53.649 147.965 283.694 258.591 231.801 308.73 255.001
ROTC2-230-80.pdb 1 A    1     A 300.162 170.698 51.294 134.673 268.248 77.484 233.938 84.459 200.532
ROTC2-230-90.pdb 1 A    1     A 293.22 182.518 45.924 139.244 262.81 62.999 231.909 93.22 213.177
ROTC2-240-70.pdb 1 A    1     G 49.838 237.813 299.225 152.484 259.559 75.262 241.38 73.577 249.681
ROTC2-250-50.pdb 1 A    1     U 316.365 238.283 52.692 141.966 245.437 54.462 251.665 54.251 236.756
ROTC2-250-90.pdb 1 A    1     U 46.235 138.48 40.166 150.068 219.64 113.844 256.977 99.262 222.178
ROTC2-260-30.pdb 1 A    1     U 71.773 245.202 292.122 148.283 228.589 76.815 265.271 36.552 239.367
ROTC2-270-160.pdb 1 A    1     G 68.907 250.149 284.16 155.735 282.176 188.794 272.412 169.013 271.528
ROTC2-270-260.pdb 1 A    1     U 62.98 181.937 24.562 139.597 234.394 273.557 278.355 268.37 282.682
ROTC2-280-240.pdb 1 A    1     A 56.429 249.831 295.051 141.831 242.386 299.807 282.97 243.563 70.302
ROTC2-280-30.pdb 1 A    1     G 14.072 275.224 279.826 155.325 189.914 140.036 284.033 33.123 274.901
ROTC2-280-310.pdb 1 A    1     A 299.489 240.041 49.8 141.309 266.708 294.642 280.497 319.45 284.072
ROTC2-280-60.pdb 1 A    1     A 327.326 209.505 54.266 142.839 249.616 67.435 288.733 69.289 233.961
ROTC2-280-90.pdb 1 A    1     G 82.872 187.054 295.115 154.994 280.006 76.179 288.401 98.969 182.3
ROTC2-290-150.pdb 1 A    1     U 68.875 159.521 56.867 135.541 217.881 171.156 298.969 151.077 230.329
ROTC2-30-170.pdb 1 A    1     A 168.061 130.953 53.1 151.181 253.473 161.562 39.154 179.269 215.623
ROTC2-30-180.pdb 1 A    1     A 162.257 138.98 56.487 152.788 237.901 176.098 35.549 182.135 217.609
ROTC2-30-280.pdb 1 A    1     U 165.017 168.696 58.731 150.597 281.142 218.482 39.667 280.161 237.672
ROTC2-30-310.pdb 1 A    1     A 64.087 196.015 53.168 146.425 266.335 253.923 30.868 310.616 252.87
ROTC2-300-310.pdb 1 A    1     A 38.328 150.576 50.147 149.591 258.452 293.797 309.541 319.024 244.699
ROTC2-310-100.pdb 1 A    1     U 94.07 181.952 35.322 144.332 258.591 70.176 318.233 103.918 231.135
ROTC2-310-170.pdb 1 A    1     A 269.392 222.019 146.846 157.21 264.492 158.739 317.8 176.529 227.476
ROTC2-310-20.pdb 1 A    1     G 263.764 91.744 179.322 149.324 192.792 141.405 315.844 24.896 266.532
ROTC2-310-220.pdb 1 A    1     C 288.292 156.752 181.295 147.094 264.667 260.859 313.803 221.924 240.823
ROTC2-310-300.pdb 1 A    1     G 69.096 158.09 52.876 153.54 230.356 288.07 310.875 302.818 166.285
ROTC2-310-310.pdb 1 A    1     A 87.942 172.166 63.159 154.813 251.029 292.602 318.72 314.836 223.751
ROTC2-310-70.pdb 1 A    1     G 32.904 197.418 41.583 147.566 247.856 80.032 318.35 79.382 234.988
ROTC2-320-20.pdb 1 A    1     G 283.19 77.143 182.321 147.675 184.72 154.117 321.068 22.076 263.773
ROTC2-320-300.pdb 1 A    1     U 63.473 175.525 62.749 154.095 237.838 290.881 329.142 303.034 235.075
ROTC2-320-350.pdb 1 A    1     A 85.472 187.231 59.316 152.099 254.243 288.762 329.732 355.38 221.803
ROTC2-320-70.pdb 1 A    1     A 60.898 225.969 45.1 144.801 201.957 88.848 326.679 76.963 247.873
ROTC2-320-90.pdb 1 A    1     U 73.506 187.087 59.596 148.885 240.801 104.214 326.284 96.822 228.384
ROTC2-330-10.pdb 1 A    1     G 299.596 84.977 164.189 149.476 192.126 145.278 332.202 13.217 260.635
ROTC2-330-300.pdb 1 A    1     U 120.618 166.94 45.069 142.483 268.157 302.406 334.202 301.834 246.208
ROTC2-330-340.pdb 1 A    1     U 75.277 136.2 54.606 148.663 265.7 312.363 335.583 342.744 236.729
ROTC2-330-50.pdb 1 A    1     A 304.378 160.828 186.987 147.47 202.389 156.454 331.097 56.352 220.556
ROTC2-330-60.pdb 1 A    1     G 81.278 166.695 36.874 150.706 251.855 67.462 337.829 63.12 240.021
ROTC2-330-80.pdb 1 A    1     C 59.588 216.586 65.316 145.443 215.723 54.296 335.051 82.296 219.932
ROTC2-340-140.pdb 1 A    1     A 62.401 193.481 50.63 145.542 260.677 118.079 346.619 149.858 228.252
ROTC2-340-280.pdb 1 A    1     U 287.718 199.422 177.931 145.691 267.828 288.029 346.823 282.257 221.462
ROTC2-340-340.pdb 1 A    1     A 54.099 163.327 55.966 146.521 263.329 321.064 347.843 340.558 251.057
ROTC2-340-350.pdb 1 A    1     C 49.554 159.284 49.681 148.447 272.486 320.823 341.736 352.505 224.029
ROTC2-350-100.pdb 1 A    1     U 84.95 172.406 21.6 139.631 265.862 73.891 351.676 101.771 241.42
ROTC2-350-210.pdb 1 A    1     A 60.026 232.006 54.49 152.109 246.297 198.406 356.35 213.866 291.298
ROTC2-350-290.pdb 1 A    1     C 65.438 227.378 41.557 141.593 249.875 288.46 354.509 293.358 252.805
ROTC2-40-110.pdb 1 A    1     G 173.239 215.198 52.586 153.867 232.826 128.753 47.756 113.563 217.534
ROTC2-40-120.pdb 1 A    1     A 161.932 146.638 53.232 152.973 260.793 106.007 46.767 123.027 231.368
ROTC2-40-160.pdb 1 A    1     A 170.76 134.396 48.146 144.697 257.073 158.366 48.999 163.769 229.551
ROTC2-40-170.pdb 1 A    1     A 145.343 167.039 46.087 151.888 288.313 107.482 49.73 171.483 235.444
ROTC2-40-280.pdb 1 A    1     C 189.627 219.818 301.581 147.751 266.433 305.57 40.384 281.939 245.64
ROTC2-40-290.pdb 1 A    1     A 74.009 233.675 70.71 149.489 290.259 240.94 46.588 291.903 228.325
ROTC2-40-320.pdb 1 A    1     C 101.622 231.461 64.775 147.072 263.45 290.305 47.154 325.419 230.248
ROTC2-50-150.pdb 1 A    1     C 165.346 159.12 40.736 145.397 276.473 142.706 58.536 154.326 236.683
ROTC2-50-290.pdb 1 A    1     C 160.584 150.991 51.609 147.421 262.314 235.975 52.61 296.305 216.498
ROTC2-50-50.pdb 1 A    1     G 282.632 196.381 286.162 152.872 234.858 76.107 59.786 56.277 68.262
ROTC2-60-150.pdb 1 A    1     U 173.114 140.935 52.261 144.714 281.909 102.126 63.889 151.797 213.81
ROTC2-60-160.pdb 1 A    1     U 162.714 148.175 51.888 147.565 293.007 112.09 64.544 168.379 221.564
ROTC2-60-180.pdb 1 A    1     C 166.698 152.091 40.568 145.769 289.253 110.859 60.096 182.665 228.608
ROTC2-60-20.pdb 1 A    1     A 293.458 172.068 287.034 137.514 219.178 53.406 67.711 27.342 239.545
ROTC2-60-280.pdb 1 A    1     A 166.801 187.973 57.791 147.16 251.472 266.356 65.004 280.06 254.632
ROTC2-60-300.pdb 1 A    1     G 176.999 184.42 48.254 151.158 273.883 265.242 62.343 301.264 244.397
ROTC2-70-120.pdb 1 A    1     U 175.67 189.548 64.11 132.688 276.062 82.386 74.746 125.28 219.809
ROTC2-70-170.pdb 1 A    1     U 193.858 221.384 60.419 149.916 250.284 168.35 72.96 178.398 220.161
ROTC2-70-260.pdb 1 A    1     C 107.647 236.038 68.963 147.298 226.436 259.996 71.012 261.536 225.619
ROTC2-80-150.pdb 1 A    1     U 186.299 220.502 44.278 138.156 273.818 159.414 89.592 155.006 231.479
ROTC2-80-170.pdb 1 A    1     G 51.773 93.845 181.568 145.549 252.642 229.981 83.206 171.1 47.175
ROTC2-80-320.pdb 1 A    1     U 202.498 151.493 51.727 141.294 276.163 295.071 86.956 324.372 242.533
ROTC2-80-80.pdb 1 A    1     G 60.606 184.733 182.309 145.21 234.365 135.994 88.787 81.873 274.464
ROTC2-90-280.pdb 1 A    1     A 205.99 186.029 51.777 137.912 239.915 286.942 94.857 285.992 299.307
ROTC2-90-310.pdb 1 A    1     G 239.503 123.303 32.149 131.845 272.831 286.228 97.154 319.33 233.697
ROTC2-90-40.pdb 1 A    1     C 285.501 215.617 306.275 154.878 257.504 94.273 90.539 48.605 62.836
ROTC3-0-190.pdb 1 A    1     A 264.668 241.532 184.906 86.988 222.855 279.104 0.216 196.19 183.475
ROTC3-0-210.pdb 1 A    1     C 91.657 191.489 54.556 83.409 200.015 291.95 2.725 212.28 194.368
ROTC3-0-240.pdb 1 A    1     U 154.42 148.575 45.732 93.622 221.448 290.004 0.517 240.567 193.041
ROTC3-0-80.pdb 1 A    1     A 92.356 195.595 56.281 86.204 235.632 99.812 8.496 89.642 194.364
ROTC3-10-230.pdb 1 A    1     U 166.226 136.321 51.817 88.966 235.72 271.94 15.08 233.868 202.724
ROTC3-100-100.pdb 1 A    1     A 179.671 181.96 54.446 88.722 215.921 148.008 105.029 101.15 86.379
ROTC3-100-210.pdb 1 A    1     C 198.865 153.008 41.198 80.95 208.891 288.43 104.12 218.648 193.773
ROTC3-100-220.pdb 1 A    1     U 113.586 153.037 188.54 88.211 226.328 298.27 106.97 224.797 226.86
ROTC3-110-140.pdb 1 A    1     A 75.398 141.399 187.82 79.849 210.755 277.296 114.328 148.745 265.048
ROTC3-110-180.pdb 1 A    1     A 67.568 136.191 176.571 84.616 221.654 293.311 114.776 181.883 179.028
ROTC3-110-210.pdb 1 A    1     A 212.64 230.231 56.555 87.895 216.249 274.162 110.533 217.676 219.527
ROTC3-110-220.pdb 1 A    1     A 231.642 121.12 82.476 77.616 232.321 278.187 114.524 224.913 176.984
ROTC3-110-250.pdb 1 A    1     A 183.239 189.935 51.037 81.86 241.876 298.157 114.906 251.569 87.895
ROTC3-110-300.pdb 1 A    1     C 59.014 183.854 174.557 88.799 205.503 53.776 117.614 305.073 63
ROTC3-120-200.pdb 1 A    1     A 173.355 125.936 172.381 92.573 233.679 296.577 123.599 202.993 190.88
ROTC3-120-210.pdb 1 A    1     C 288.495 168.602 40.663 82.319 212.073 285.601 128.23 215.808 182.413
ROTC3-120-220.pdb 1 A    1     A 260.739 147.104 43.462 82.207 205.669 291.042 125.862 222.331 203.134
ROTC3-120-230.pdb 1 A    1     G 260.031 191.907 49.291 81.249 199.029 292.226 126.532 234.399 193.9
ROTC3-130-170.pdb 1 A    1     C 72.222 188.593 182.827 83.649 198.726 290.079 134.983 177.96 183.546
ROTC3-130-180.pdb 1 A    1     G 128.626 197.34 179.763 80.116 208.188 292.805 137.04 188.811 186.132
ROTC3-130-210.pdb 1 A    1     A 287.841 151.645 52.971 78.442 202.203 293.559 134.088 215.599 192.89
ROTC3-130-220.pdb 1 A    1     G 222.684 164.824 58.865 86.744 219.683 297.929 137.419 224.111 268.009
ROTC3-130-240.pdb 1 A    1     G 201.891 173.45 51.893 84.461 216.634 312.822 136.709 249.655 175.472
ROTC3-130-250.pdb 1 A    1     C 220.585 171.359 45.726 76.583 209.138 314.19 130.597 258.524 203.172
ROTC3-130-290.pdb 1 A    1     A 269.741 186.135 50.25 84.214 224.446 316.481 139.73 290.698 207.054
ROTC3-130-320.pdb 1 A    1     C 268.963 246.369 288.766 81.382 187.689 84.594 131.155 324.591 204.145
ROTC3-140-150.pdb 1 A    1     C 173.389 76.337 169.245 84.343 216.896 284.716 141.543 154.488 200.29
ROTC3-140-170.pdb 1 A    1     A 285.681 172.07 49.593 78.474 202.967 280.928 144.534 174.323 201.66
ROTC3-140-180.pdb 1 A    1     A 66.445 231.073 196.679 76.546 223.447 304.057 142.145 184.309 189.571
ROTC3-140-190.pdb 1 A    1     C 276.511 171.925 54.769 77.805 195.113 284.498 144.591 198.042 204.869
ROTC3-140-200.pdb 1 A    1     C 75.211 228.259 178.99 82.103 215.509 292.541 140.021 205.78 189.585
ROTC3-140-210.pdb 1 A    1     A 268.777 157.251 73.332 72.075 210.647 287.86 144.986 214.66 194.476
ROTC3-140-220.pdb 1 A    1     G 228.827 160.6 60.736 88.257 213.356 302.063 142.748 226.026 268.161
ROTC3-140-230.pdb 1 A    1     G 298.172 140.203 55.805 81.509 198.865 289.542 145.783 234.672 217.735
ROTC3-140-240.pdb 1 A    1     C 207.566 177.374 58.337 88.431 231.225 294.288 147.453 244.987 182.321
ROTC3-140-60.pdb 1 A    1     G 295.872 160.406 47.099 82.34 226.426 124.903 148.181 60.251 240.03
ROTC3-150-150.pdb 1 A    1     U 172.318 125.12 177.115 83.34 226.334 271.379 157.314 156.261 201.233
ROTC3-150-160.pdb 1 A    1     G 293.131 161.646 57.927 80.075 191.612 279.295 152.943 167.559 204.863
ROTC3-150-170.pdb 1 A    1     G 161.744 169.106 173.623 81.606 203.855 289.682 158.472 174.481 185.083
ROTC3-150-180.pdb 1 A    1     G 146.589 178.83 182.268 80.323 215.789 288.625 154.852 185.407 188.164
ROTC3-150-190.pdb 1 A    1     G 141.538 200.534 177.655 83.262 216.502 288.341 153.201 196.175 186.949
ROTC3-150-20.pdb 1 A    1     A 294.475 158.688 53.53 79.15 214.242 61.423 155.57 28.238 209.502
ROTC3-150-200.pdb 1 A    1     C 295.677 161.321 50.999 78.261 207.167 280.06 155.782 205.99 209.774
ROTC3-150-210.pdb 1 A    1     C 293.489 153.542 60.61 77.921 203.633 293.011 156.163 215.812 198.905
ROTC3-150-220.pdb 1 A    1     C 283.532 168.053 45.328 79.24 223.287 295.302 154.143 224.537 197.709
ROTC3-150-230.pdb 1 A    1     A 300.035 161.81 52.165 80.276 190.15 294.194 157.695 237.475 206.316
ROTC3-150-240.pdb 1 A    1     U 288.692 159.696 46.432 78.647 216.051 314.408 155.793 245.932 192.633
ROTC3-150-250.pdb 1 A    1     A 294.683 163.183 52.791 81.736 204.314 290.318 157.926 255.905 206.851
ROTC3-150-260.pdb 1 A    1     G 287.062 177.45 50.621 80.719 223.347 294.584 158.527 265.224 198.543
ROTC3-150-330.pdb 1 A    1     C 107.439 247.657 187.748 85.455 192.416 59.409 157.359 336.46 188.004
ROTC3-150-340.pdb 1 A    1     C 286.36 163.086 59.599 83.5 211.984 51.284 152.196 344.173 208.028
ROTC3-150-350.pdb 1 A    1     U 87.473 228.936 196.535 82.693 196.224 123.701 157.321 357.896 201.173
ROTC3-160-0.pdb 1 A    1     A 297.033 172.167 58.725 80.885 178.597 75.277 169.348 1.357 206.982
ROTC3-160-110.pdb 1 A    1     C 286.519 193.268 54.087 86.633 258.502 163.479 166.94 119.599 210.218
ROTC3-160-120.pdb 1 A    1     A 299.885 155.339 58.082 89.736 230.693 160.239 163.987 127.682 193.485
ROTC3-160-150.pdb 1 A    1     U 299.368 164.798 55.894 80.783 212.144 228.178 169.65 156.192 210.508
ROTC3-160-160.pdb 1 A    1     A 313.614 267.193 287.156 88.787 203.614 307.792 167.107 164.73 198.226
ROTC3-160-170.pdb 1 A    1     G 293.83 182.069 47.229 79.242 213.466 221.451 165.64 175.259 194.816
ROTC3-160-180.pdb 1 A    1     G 295.191 172.033 52.782 82.807 209.646 286.708 164.287 184.202 200.674
ROTC3-160-190.pdb 1 A    1     G 151.307 170.544 183.26 90.354 221.189 292.572 166.256 195.295 187.305
ROTC3-160-20.pdb 1 A    1     A 303.237 153.601 58.493 82.754 208.301 63.22 160.868 26.09 192.912
ROTC3-160-200.pdb 1 A    1     G 300.617 167.357 53.31 75.322 210.259 282.011 164.792 205.145 188.405
ROTC3-160-210.pdb 1 A    1     C 297.135 168.374 52.862 80.183 208.461 289.833 165.059 215.057 202.28
ROTC3-160-220.pdb 1 A    1     C 289.167 164.619 61.337 83.606 206.644 295.834 164.885 224.999 200.047
ROTC3-160-230.pdb 1 A    1     C 299.647 162.04 51.293 82.22 201.461 287.004 164.166 233.829 201.773
ROTC3-160-240.pdb 1 A    1     G 297.353 173.501 47.956 76.315 222.395 300.914 164.623 246.091 201.002
ROTC3-160-250.pdb 1 A    1     U 297.996 170.4 49.513 79.379 207.943 294.078 164.206 253.568 215.981
ROTC3-160-260.pdb 1 A    1     A 291.206 170.262 51.869 85.59 221.887 289.267 166.716 263.706 221.876
ROTC3-160-270.pdb 1 A    1     G 305.868 168.41 43.956 80.657 208.725 310.525 163.715 273.756 212.327
ROTC3-160-290.pdb 1 A    1     C 293.447 172.043 44.737 87.17 250.471 314.735 161.273 299.7 202.906
ROTC3-160-30.pdb 1 A    1     U 291.149 174.892 52.367 81.93 196.483 112.476 163.682 32.466 210.466
ROTC3-160-320.pdb 1 A    1     C 287.023 160.308 60.128 87.036 252.894 333.574 167.612 321.15 199.913
ROTC3-160-330.pdb 1 A    1     C 300.275 172.152 48.962 77.193 209.249 49.432 164.057 335.004 201.232
ROTC3-160-340.pdb 1 A    1     U 296.927 167.371 55.875 84.47 206.944 59.222 168.803 344.985 207.307
ROTC3-160-350.pdb 1 A    1     G 299.351 169.374 55.634 74.814 191.88 56.03 166.061 357.658 191.176
ROTC3-160-50.pdb 1 A    1     U 287.195 170.6 58.163 80.77 215.344 125.964 160.822 58.281 205.119
ROTC3-160-70.pdb 1 A    1     G 288.681 173.452 53.106 83.919 224.074 132.515 168.335 75.565 213.332
ROTC3-160-80.pdb 1 A    1     C 281.042 166.632 62.897 82.955 258.019 101.753 169.233 89.617 217.796
ROTC3-160-90.pdb 1 A    1     U 303.47 167.578 54.518 83.609 217.946 165.125 169.676 92.073 209.792
ROTC3-170-10.pdb 1 A    1     G 291.244 183.323 50.084 85.566 233.177 73.594 177.676 11.582 212.141
ROTC3-170-100.pdb 1 A    1     C 286.503 169.592 59.173 84.844 265.33 105.128 175.029 101.844 203.935
ROTC3-170-150.pdb 1 A    1     A 283 195.717 47.743 79.717 246.528 179.6 174.816 150.424 221.722
ROTC3-170-160.pdb 1 A    1     G 300.768 172.033 59.18 80.179 187.854 273.202 174.428 168.434 187.977
ROTC3-170-170.pdb 1 A    1     G 286.588 179.754 55.261 82.938 245.224 227.36 174.376 174.622 202.028
ROTC3-170-180.pdb 1 A    1     C 305.063 172.35 44.752 83.939 221.679 214.942 172.044 185.323 205.688
ROTC3-170-190.pdb 1 A    1     U 297.672 171.227 60.706 85.64 197.452 271.869 175.347 193.722 195.04
ROTC3-170-20.pdb 1 A    1     U 299.709 171.388 55.615 83.275 196.418 104.081 171.389 28.396 202.969
ROTC3-170-200.pdb 1 A    1     G 151.713 198.575 181.045 84.891 227.129 291.29 174.432 204.62 178.686
ROTC3-170-210.pdb 1 A    1     G 297.866 179.916 50.393 78.148 209.476 291.004 174.786 215.509 193.425
ROTC3-170-220.pdb 1 A    1     A 318.026 153.617 49.304 83.409 205.66 293.725 174.85 224.563 193.599
ROTC3-170-230.pdb 1 A    1     C 302.666 162.154 55.596 81.313 201.77 288.427 174.564 235.177 198.496
ROTC3-170-240.pdb 1 A    1     U 296.921 180.367 55.986 83.047 193.405 300.185 175.225 243.658 199.664
ROTC3-170-250.pdb 1 A    1     G 292.582 169.835 60.542 73.958 233.895 314.571 177.196 255.05 188.502
ROTC3-170-260.pdb 1 A    1     U 297.665 164.848 56.727 84.592 237.749 309.64 173.577 266.62 205.479
ROTC3-170-270.pdb 1 A    1     A 275.694 177.227 61.241 91.768 254.751 293.406 175.786 275.979 230.787
ROTC3-170-330.pdb 1 A    1     C 298.294 180.412 54.885 82.852 201.305 54.929 177.127 336.647 196.526
ROTC3-170-50.pdb 1 A    1     C 289.258 185.353 52.707 80.746 225.004 132.397 174.382 55.401 205.758
ROTC3-170-60.pdb 1 A    1     C 303.029 179.509 51.447 81.933 222.446 134.343 179.819 63.16 206.757
ROTC3-170-70.pdb 1 A    1     A 291.282 183.475 52.752 85.073 208.586 157.183 176.259 77.024 213.711
ROTC3-170-80.pdb 1 A    1     U 289.646 188.547 51.747 82.894 215.808 159.915 172.677 87.593 202.429
ROTC3-170-90.pdb 1 A    1     G 288.803 191.308 51.15 81.19 211.804 182.308 175.481 99.531 201.763
ROTC3-180-110.pdb 1 A    1     C 141.542 202.758 197.476 87.466 193.815 238.875 186.386 114.118 192.337
ROTC3-180-120.pdb 1 A    1     C 299.575 159.446 82.083 76.901 202.074 208.162 183.924 123.833 190.004
ROTC3-180-160.pdb 1 A    1     G 214.246 127.913 160.966 82.085 217.43 280.888 183.231 166.512 177.632
ROTC3-180-170.pdb 1 A    1     A 285.856 147.767 41.743 83.524 236.129 247.688 183.989 172.043 228.314
ROTC3-180-180.pdb 1 A    1     A 74.822 244.112 184.107 80.184 203.077 277.739 186.467 184.237 180.919
ROTC3-180-190.pdb 1 A    1     U 172.274 181.216 186.081 83.964 223.432 294.846 188.538 195.713 180.144
ROTC3-180-20.pdb 1 A    1     A 300.272 177.636 58.617 82.921 204.912 81.554 181.285 28.468 201.176
ROTC3-180-200.pdb 1 A    1     A 313.067 174.131 52.777 77.955 205.292 284.761 185.396 206.975 191.515
ROTC3-180-210.pdb 1 A    1     G 152.834 233.446 174.863 85.69 229.617 285.317 184.549 216.082 175.85
ROTC3-180-220.pdb 1 A    1     G 304.087 170.245 45.86 83.156 214.853 289.692 186.001 223.878 176.956
ROTC3-180-230.pdb 1 A    1     A 291.827 150.78 44.021 85.314 221.205 289.402 184.938 233.285 196.149
ROTC3-180-240.pdb 1 A    1     A 281.806 217.305 61.442 84.348 229.012 295.436 187.32 244.775 181.943
ROTC3-180-250.pdb 1 A    1     G 293.094 170.218 64.044 84.191 247.744 291.639 182.1 253.071 190.617
ROTC3-180-260.pdb 1 A    1     A 308.34 154.619 50.825 93.82 248.594 293.729 185.434 265.57 246.975
ROTC3-180-30.pdb 1 A    1     A 150.951 204.893 189.346 84.197 247.724 96.002 181.998 38.157 192.444
ROTC3-190-140.pdb 1 A    1     C 205.075 96.372 177.373 79.391 213.711 285.261 197.082 148.752 189.345
ROTC3-190-150.pdb 1 A    1     C 316.082 187.06 35.742 79.898 181.341 251.739 195.539 155.354 193.715
ROTC3-190-160.pdb 1 A    1     G 70.384 156.792 281.061 80.012 213.852 281.634 197.673 168.871 198.412
ROTC3-190-170.pdb 1 A    1     A 226.995 107.025 170.688 83.785 231.037 286.602 197.024 173.614 192.3
ROTC3-190-180.pdb 1 A    1     A 241.009 89.232 161.109 89.422 226.13 294.515 194.099 181.044 175.978
ROTC3-190-190.pdb 1 A    1     A 243.905 78.928 160.153 89.968 245.66 295.886 191.085 199.055 180.169
ROTC3-190-200.pdb 1 A    1     U 292.657 183.053 60.594 89.621 239.488 268.313 192.411 208.034 200.844
ROTC3-190-210.pdb 1 A    1     A 220.269 182.856 125.804 82.958 220.003 288.74 192.978 214.424 179.99
ROTC3-190-220.pdb 1 A    1     G 282.373 182.62 51.9 82.913 209.282 296.277 199.549 224.791 182.465
ROTC3-190-230.pdb 1 A    1     U 262.641 179.992 107.573 82.995 219.772 304.688 190.877 233.243 180.03
ROTC3-190-240.pdb 1 A    1     A 306.976 166.677 55.002 89.895 204.492 307.741 190.72 240.94 196.691
ROTC3-190-250.pdb 1 A    1     U 304.091 189.869 58.785 84.149 246.89 286.387 193.353 250.335 181.548
ROTC3-190-330.pdb 1 A    1     C 302.375 206.275 46.946 79.133 179.3 47.995 194.489 334.755 250.075
ROTC3-190-60.pdb 1 A    1     A 296.881 198.4 54.097 86.209 210.814 94.076 191.399 67.967 205.705
ROTC3-190-90.pdb 1 A    1     C 293.064 181.896 59.22 87.893 270.449 94.479 198.249 98.381 203.953
ROTC3-20-210.pdb 1 A    1     A 180.245 145.012 46.839 83.559 209.265 278.667 23.871 213.505 210.845
ROTC3-20-220.pdb 1 A    1     G 150.083 186.404 60.165 88.197 221.114 285.979 29.454 227.805 186.739
ROTC3-20-230.pdb 1 A    1     A 172.765 148.499 48.367 85.456 227.092 283.918 24.997 232.498 219.893
ROTC3-20-240.pdb 1 A    1     A 67.688 214.66 73.098 94.655 214.199 296.772 21.561 247.009 175.244
ROTC3-200-130.pdb 1 A    1     G 258.609 67.236 174.639 79.11 204.598 287.533 207.005 138.293 193.128
ROTC3-200-140.pdb 1 A    1     A 259.063 72.349 170.409 85.507 206.751 282.765 204.367 141.611 180.947
ROTC3-200-160.pdb 1 A    1     G 265.651 79.91 180.713 78.189 245.659 283.505 201.326 169.031 162.944
ROTC3-200-170.pdb 1 A    1     A 251.604 78.054 177.01 84.208 234.969 299.088 208.628 175.963 175.953
ROTC3-200-190.pdb 1 A    1     A 173.661 214.936 186.082 83.548 210.775 292.309 204.581 194.745 197.728
ROTC3-200-220.pdb 1 A    1     A 296.435 173.967 49.297 81.38 219.941 293.267 202.552 227.398 186.97
ROTC3-210-130.pdb 1 A    1     G 266.721 61.472 178.645 80.708 207.952 287.621 213.015 138.424 194.242
ROTC3-210-140.pdb 1 A    1     G 260.795 65.486 176.875 83.688 205.153 291.316 211.418 142.486 193.134
ROTC3-210-150.pdb 1 A    1     C 295.55 219.867 61.572 88.841 195.995 211.669 213.23 155.746 259.394
ROTC3-210-170.pdb 1 A    1     A 261.62 74.46 174.507 84.716 240.813 293.791 212.59 174.077 173.057
ROTC3-210-180.pdb 1 A    1     A 26.077 274.21 255.394 98.521 219.852 308.316 211.462 182.663 186.006
ROTC3-210-190.pdb 1 A    1     C 70.617 171.166 296.665 89.329 222.659 287.77 213.525 195.052 181.902
ROTC3-210-200.pdb 1 A    1     G 88.01 253.418 183.099 84.863 227.735 279.084 211.631 202.409 183.512
ROTC3-220-150.pdb 1 A    1     U 259.676 100.384 175.708 83.071 213.637 292.785 222.136 159.241 189.248
ROTC3-220-160.pdb 1 A    1     A 277.433 101.213 172.315 83.875 219.668 294.75 221.021 169.336 172.192
ROTC3-220-170.pdb 1 A    1     G 303.833 172.842 49.589 92.031 260.489 200.583 220.665 171.845 266.173
ROTC3-220-70.pdb 1 A    1     G 299.41 221.606 61.615 85.184 191.942 154.407 220.985 72.17 262.561
ROTC3-230-180.pdb 1 A    1     G 303.355 214.845 80.577 92.293 234.43 207.64 234.67 185.733 287.199
ROTC3-230-210.pdb 1 A    1     G 293.255 204.345 54.987 85.16 204.569 293.244 233.049 218.843 188.55
ROTC3-230-220.pdb 1 A    1     G 300.81 191.134 53.019 85.784 206.477 301.333 231.132 228.616 188.414
ROTC3-230-250.pdb 1 A    1     U 294.98 197.426 59.344 86.052 239.449 292.126 234.632 252.489 196.994
ROTC3-240-130.pdb 1 A    1     C 277.457 80.11 180.267 82.978 215.518 280.013 248.792 139.852 191.96
ROTC3-240-160.pdb 1 A    1     G 310.078 223.465 61.905 89.099 233.63 190.505 246.264 167.648 77.211
ROTC3-240-210.pdb 1 A    1     C 32.588 147.353 45.639 82.762 209.252 284.507 248.599 219.385 182.294
ROTC3-240-220.pdb 1 A    1     G 329.407 186.849 51.275 85.092 211.47 296.262 246.208 226.273 174.559
ROTC3-240-230.pdb 1 A    1     G 293.793 191.33 51.066 89.012 223.917 289.513 245.268 234.902 176.996
ROTC3-240-60.pdb 1 A    1     A 274.439 228.518 125.161 84.521 245.709 111.347 247.162 62.793 185.091
ROTC3-250-20.pdb 1 A    1     A 66.519 220.747 296.271 99.869 207.441 137.866 257.813 25.606 69.646
ROTC3-250-230.pdb 1 A    1     G 65.335 148.465 46.78 85.993 229.283 278.844 255.134 231.396 177.478
ROTC3-250-50.pdb 1 A    1     A 82.401 128.233 38.898 84.487 217.571 115.039 252.979 57.467 192.91
ROTC3-260-220.pdb 1 A    1     A 57.737 158.907 49.865 85.27 230.455 282.094 260.923 229.88 195.746
ROTC3-260-30.pdb 1 A    1     A 56.25 145.048 56.014 85.21 246.98 82.269 262.392 38.316 183.545
ROTC3-260-60.pdb 1 A    1     C 311.178 234.27 50.497 85.165 199.162 148.634 261.493 62.01 210.813
ROTC3-270-0.pdb 1 A    1     U 63.858 121.662 40.093 83.276 207.874 47.421 270.921 8.988 202.366
ROTC3-270-220.pdb 1 A    1     A 85.703 140.408 56.279 81.043 207.15 291.335 271.215 224.578 192.81
ROTC3-270-230.pdb 1 A    1     G 66.524 118.678 43.645 80 209.236 295.388 272.666 235.361 190.791
ROTC3-270-240.pdb 1 A    1     C 61.396 150.845 57.781 81.306 232.28 299.782 272.32 249.099 195.871
ROTC3-270-30.pdb 1 A    1     U 291.607 144.756 184.497 81.414 212.781 129.397 271.093 31.085 192.838
ROTC3-280-150.pdb 1 A    1     A 284.449 148.565 183.398 78.228 191.064 284.448 281.692 152.701 199.788
ROTC3-280-170.pdb 1 A    1     G 286.621 189.719 173.525 83.847 211.769 249.252 288.658 175.1 195.791
ROTC3-280-190.pdb 1 A    1     A 282.124 185.176 179.977 83.865 219.543 291.01 283.734 193.973 195.914
ROTC3-280-200.pdb 1 A    1     A 294.522 187.27 166.667 86.506 217.075 289.799 282.12 200.082 196.008
ROTC3-280-250.pdb 1 A    1     A 58.71 126.49 52.43 84.103 228.94 300.585 284.066 255.046 182.091
ROTC3-280-350.pdb 1 A    1     A 304.559 141.518 178.098 85.926 199.227 128.748 286.176 357.257 230.284
ROTC3-290-170.pdb 1 A    1     U 64.698 167.088 50.8 89.415 237.371 256.205 294.088 179.368 225.296
ROTC3-290-230.pdb 1 A    1     G 56.776 136.064 50.063 83.176 222.753 292.273 299.398 239.283 188.13
ROTC3-290-260.pdb 1 A    1     A 56.944 136.047 55.404 83.55 236.733 307.509 296.2 264.54 177.854
ROTC3-290-270.pdb 1 A    1     A 60.165 180.072 56.199 88.934 261.23 256.063 299.745 274.241 278.632
ROTC3-290-30.pdb 1 A    1     U 56.38 127.065 47.546 83.797 184.008 117.004 295.978 39.909 186.945
ROTC3-30-220.pdb 1 A    1     C 170.286 164.846 51.811 85.187 217.843 289.448 31.205 228.579 188.822
ROTC3-300-110.pdb 1 A    1     A 73.106 173.254 52.297 85.437 233.185 171.04 301.782 110.287 191.637
ROTC3-300-180.pdb 1 A    1     A 297.146 159.889 194.358 77.606 224.143 296.671 303.421 187.297 192.399
ROTC3-300-20.pdb 1 A    1     A 43.044 126.83 54.34 89.805 240.484 60.318 301.902 25.301 251.456
ROTC3-300-200.pdb 1 A    1     C 76.345 177.302 57.013 80.343 202.866 278.211 308.384 200.398 189.812
ROTC3-300-210.pdb 1 A    1     A 56.469 178.983 48.282 85.516 200.332 296.419 306.56 219.942 191.316
ROTC3-300-220.pdb 1 A    1     G 48.913 177.487 53.316 84.966 212.139 290.43 304.691 222.418 180.112
ROTC3-300-230.pdb 1 A    1     A 79.629 135.834 45.899 82.585 233.726 275.033 303.605 232.421 214.622
ROTC3-300-90.pdb 1 A    1     C 57.326 163.269 67.207 89.696 261.794 95.371 308.5 99.551 195.096
ROTC3-310-180.pdb 1 A    1     C 299.135 165.7 190.344 79.567 191.549 288.369 319.782 185.124 206.206
ROTC3-310-210.pdb 1 A    1     G 46.349 160.052 50.179 84.227 216.24 279.664 312.189 216.866 185.962
ROTC3-310-220.pdb 1 A    1     G 49.421 177.21 51.778 83.652 195.498 303.427 312.741 227.197 184.338
ROTC3-310-30.pdb 1 A    1     A 76.471 152.771 46.328 86.843 205.328 105.933 310.587 35.919 193.093
ROTC3-320-190.pdb 1 A    1     U 307.852 187.807 194.672 86.338 237.047 282 324.232 199.192 194.403
ROTC3-320-200.pdb 1 A    1     U 308.513 174.343 198.888 92.568 235.338 289.836 323.423 201.14 198.59
ROTC3-320-210.pdb 1 A    1     G 41.619 173.929 49.459 85.891 210.356 286.12 327.099 217.885 178.15
ROTC3-320-230.pdb 1 A    1     G 54.165 207.514 58.897 88.985 222.661 292.3 323.451 235.989 174.835
ROTC3-320-240.pdb 1 A    1     A 57.919 199.212 55.027 92.203 231.139 289.931 323.461 242.691 171.933
ROTC3-330-210.pdb 1 A    1     C 55.922 169.071 48.808 80.812 208.625 286.605 331.116 212.781 198.511
ROTC3-330-220.pdb 1 A    1     G 66.995 177.68 49.817 86.744 217.784 286.142 333.556 224.707 181.876
ROTC3-330-230.pdb 1 A    1     G 74.356 158.296 59.366 87.039 203.797 301.072 339.777 230.83 191.656
ROTC3-340-210.pdb 1 A    1     U 82.361 201.114 57.476 80.193 214.969 283.177 346.717 215.361 195.931
ROTC3-340-220.pdb 1 A    1     C 149.438 157.808 47.907 81.885 214.889 292.887 349.804 228.062 198.519
ROTC3-340-230.pdb 1 A    1     G 89.99 169.373 50.853 94.471 227.167 280.844 341.892 235.31 176.51
ROTC3-340-260.pdb 1 A    1     C 147.942 149.536 44.218 86.835 229.608 312.913 348.135 264.167 185.362
ROTC3-340-30.pdb 1 A    1     G 118.584 116.189 38.415 83.632 219.435 56.72 348.981 39.735 233.983
ROTC3-340-330.pdb 1 A    1     U 64.618 211.555 58.887 82.532 168.8 51.642 344.754 333.006 206.818
ROTC3-350-240.pdb 1 A    1     G 150.014 161.418 42.841 88.779 230.891 291.918 356.372 243.954 183.161
ROTC3-350-260.pdb 1 A    1     C 70.524 183.297 54.621 79.154 174.33 34.469 355.356 266.028 208.531
ROTC3-350-290.pdb 1 A    1     A 49.371 201.954 57.344 91.333 21.746 183.105 353.409 299.704 259.353
ROTC3-350-320.pdb 1 A    1     G 310.19 150.51 178.248 85.934 205.549 90.632 357.17 323 80.922
ROTC3-40-150.pdb 1 A    1     G 47.517 105.339 172.487 79.343 221.411 279.925 47.621 150.787 178.005
ROTC3-40-220.pdb 1 A    1     C 172.549 172.09 55.719 82.672 219.433 285.077 47.153 220.156 214.446
ROTC3-40-240.pdb 1 A    1     A 107.197 206.583 62.222 88.735 229.802 295.388 47.214 246.76 180.644
ROTC3-50-220.pdb 1 A    1     A 214.191 122.981 31.934 90.059 244.38 217.446 59.92 220.046 240.935
ROTC3-50-50.pdb 1 A    1     C 106.433 229.719 68.438 86.913 212.03 75.436 58.746 50.375 204.903
ROTC3-60-150.pdb 1 A    1     A 213.234 261.933 285.915 92.493 197.023 299.345 63.935 155.895 202.292
ROTC3-60-170.pdb 1 A    1     G 285.078 191.977 300.887 82.833 237.913 262.359 61.98 177.721 169.308
ROTC3-60-220.pdb 1 A    1     U 140.657 173.069 48.807 79.96 209.76 297.48 67.05 223.537 192.06
ROTC3-60-30.pdb 1 A    1     A 121.295 211.036 71.865 91.646 242.963 66.637 68.628 36.682 215.772
ROTC3-70-150.pdb 1 A    1     G 76.876 103.906 176.646 86.726 216.36 282.721 70.546 155.164 191.042
ROTC3-70-170.pdb 1 A    1     G 63.741 146.956 182.977 90.353 232.606 274.752 70.647 176.929 179.742
ROTC3-70-20.pdb 1 A    1     A 73.117 116.165 181.979 84.525 233.515 127.202 72.115 25.153 214.531
ROTC3-80-150.pdb 1 A    1     A 72.281 147.193 195.309 87.516 225.373 263.108 86.917 156.669 212.148
ROTC3-80-160.pdb 1 A    1     G 257.627 219.015 285.616 88.83 199.737 297.27 83.223 168.378 184.665
ROTC3-80-170.pdb 1 A    1     A 259.097 246.643 266.838 87.961 222.238 301.079 89.258 178.846 195.403
ROTC3-90-210.pdb 1 A    1     A 174.623 186.498 54.312 78.186 201.874 299.658 99.69 214.627 186.464
ROTC3-90-220.pdb 1 A    1     G 192.805 146.306 45.261 82.903 206.153 291.761 91.772 223.5 187.184
ROTC3-90-250.pdb 1 A    1     A 65.086 199.701 187.419 83.336 259.084 324.767 99.706 257.922 64.426
