# label model chain number ins type alpha beta gamma delta epsilon zeta eta theta chi
ROTC2-0-120.pdb 1 A    1     A 66.544 241.957 50.941 151.601 266.405 83.625 4.869 136.253 194.075
ROTC2-0-150.pdb 1 A    1     U 69.243 193.888 42.405 138.505 251.776 169.875 11.312 168.814 231.686
ROTC2-0-270.pdb 1 A    1     A 70.432 176.333 58.661 150.41 253.466 236.373 11.262 278.182 242.422
ROTC2-0-300.pdb 1 A    1     U 103.655 146.052 55.69 144.93 270.684 282.44 6.743 318.93 234.178
ROTC2-0-330.pdb 1 A    1     A 79.097 178.332 56.945 154.586 267.731 313.666 8.762 346.213 229.159
ROTC2-120-210.pdb 1 A    1     G 305.506 240.546 291.336 159.959 267.403 228.368 149.222 222.065 310.662
ROTC2-120-270.pdb 1 A    1     A 60.822 117.128 181.71 139.505 272.366 286.045 120.971 278.436 235.148
ROTC2-150-120.pdb 1 A    1     A 275.497 191.942 48.762 154.133 271.698 91.442 167.176 142.081 282.153
ROTC2-150-150.pdb 1 A    1     G 287.645 224.477 53.381 143.88 227.362 168.24 174.665 154.694 257.364
ROTC2-150-180.pdb 1 A    1     A 230.972 196.418 48.553 135.468 218.089 185.152 172.572 184.848 292.914
ROTC2-150-210.pdb 1 A    1     G 290.968 190.072 61.253 150.244 188.315 244.445 165.335 223.824 238.499
ROTC2-150-240.pdb 1 A    1     C 288.545 199.801 49.627 144.891 222.591 255.566 172.738 244.446 242.33
ROTC2-150-270.pdb 1 A    1     G 257.591 164.501 61.659 158.904 234.044 280.68 169.815 299.222 296.947
ROTC2-150-300.pdb 1 A    1     A 250.189 188.189 51.802 142.662 249.459 273.642 160.432 313.16 268.164
ROTC2-150-330.pdb 1 A    1     A 262.312 183.994 61.541 153.508 273.67 305.984 150.605 345.322 255.195
ROTC2-150-60.pdb 1 A    1     A 282.781 184.886 58.348 153.975 204.749 85.575 154.222 70.95 246.923
ROTC2-150-90.pdb 1 A    1     G 281.806 234.12 46.328 148.661 213.29 105.714 168.021 99.714 255.642
ROTC2-180-120.pdb 1 A    1     G 299.884 176.118 57.333 145.802 259.465 125.664 190.957 131.184 238.737
ROTC2-180-150.pdb 1 A    1     U 301.281 172.21 60.789 149.659 260.59 174.579 192.169 168.348 231.466
ROTC2-180-180.pdb 1 A    1     U 235.097 232.659 57.398 151.886 235.264 199.043 189.402 190.182 239.058
ROTC2-180-210.pdb 1 A    1     A 283.706 229.609 57.692 153.058 200.95 212.445 189.769 228.743 283.045
ROTC2-180-240.pdb 1 A    1     A 298.371 200.378 49.556 148.079 264.659 211.611 186.52 247.328 72.638
ROTC2-180-270.pdb 1 A    1     G 310.877 170.154 48.018 143.335 262.111 273.877 191.425 289.211 74.592
ROTC2-180-300.pdb 1 A    1     U 302.027 181.051 61.198 146.523 243.994 263.791 194.755 314.363 236.572
ROTC2-180-330.pdb 1 A    1     U 274.122 220.427 54.538 155.905 266.248 301.092 195.965 339.404 238.188
ROTC2-180-60.pdb 1 A    1     A 47.333 170.843 297.819 153.119 235.164 79.199 191.027 70.793 57.527
ROTC2-180-90.pdb 1 A    1     U 315.012 169.827 57.333 145.849 221.155 121.197 192.091 107.815 230.955
ROTC2-210-0.pdb 1 A    1     A 225.808 90.369 146.334 151.426 274.038 73.763 233.397 13.983 214.144
ROTC2-210-120.pdb 1 A    1     A 283.976 186.544 43.799 149.494 255.499 90.713 219.655 128.141 227.617
ROTC2-210-180.pdb 1 A    1     A 293.025 243.721 52.679 144.41 279.145 177.551 219.608 206.131 214.621
ROTC2-210-210.pdb 1 A    1     A 301.554 210.798 68.661 151.517 265.612 192.509 225.22 238.119 273.095
ROTC2-210-240.pdb 1 A    1     U 76.863 181.367 291.997 145.405 249.153 295.859 219.043 266.314 269.967
ROTC2-210-270.pdb 1 A    1     A 302.211 183.661 50.096 142.551 264.641 287.739 216.108 294.789 262.844
ROTC2-210-300.pdb 1 A    1     U 267.775 168.414 74.872 138.48 274.746 258.919 228.514 313.087 235.866
ROTC2-210-60.pdb 1 A    1     G 188.384 195.355 190.112 139.425 234.799 141.987 226.657 85.067 267.319
ROTC2-210-90.pdb 1 A    1     U 301.032 220.08 52.077 144.012 271.994 87.643 226.126 103.712 226.841
ROTC2-240-30.pdb 1 A    1     U 316.365 238.283 52.692 141.966 245.437 54.462 251.665 54.251 236.756
ROTC2-240-60.pdb 1 A    1     G 49.838 237.813 299.225 152.484 259.559 75.262 241.38 73.577 249.681
ROTC2-240-90.pdb 1 A    1     U 46.235 138.48 40.166 150.068 219.64 113.844 256.977 99.262 222.178
ROTC2-270-150.pdb 1 A    1     G 68.907 250.149 284.16 155.735 282.176 188.794 272.412 169.013 271.528
ROTC2-270-240.pdb 1 A    1     A 188.491 189.352 168.772 154.721 263.931 281.775 281.627 246.782 285.873
ROTC2-270-300.pdb 1 A    1     A 299.489 240.041 49.8 141.309 266.708 294.642 280.497 319.45 284.072
ROTC2-270-30.pdb 1 A    1     G 14.072 275.224 279.826 155.325 189.914 140.036 284.033 33.123 274.901
ROTC2-270-60.pdb 1 A    1     A 327.326 209.505 54.266 142.839 249.616 67.435 288.733 69.289 233.961
ROTC2-270-90.pdb 1 A    1     G 82.872 187.054 295.115 154.994 280.006 76.179 288.401 98.969 182.3
ROTC2-300-0.pdb 1 A    1     G 282.203 78.54 177.41 149.934 194.755 145.826 319.073 22.081 257.718
ROTC2-300-150.pdb 1 A    1     A 269.392 222.019 146.846 157.21 264.492 158.739 317.8 176.529 227.476
ROTC2-300-210.pdb 1 A    1     C 288.292 156.752 181.295 147.094 264.667 260.859 313.803 221.924 240.823
ROTC2-300-300.pdb 1 A    1     A 87.942 172.166 63.159 154.813 251.029 292.602 318.72 314.836 223.751
ROTC2-300-330.pdb 1 A    1     A 85.472 187.231 59.316 152.099 254.243 288.762 329.732 355.38 221.803
ROTC2-300-60.pdb 1 A    1     G 32.904 197.418 41.583 147.566 247.856 80.032 318.35 79.382 234.988
ROTC2-300-90.pdb 1 A    1     U 94.07 181.952 35.322 144.332 258.591 70.176 318.233 103.918 231.135
ROTC2-30-120.pdb 1 A    1     A 161.932 146.638 53.232 152.973 260.793 106.007 46.767 123.027 231.368
ROTC2-30-150.pdb 1 A    1     A 170.76 134.396 48.146 144.697 257.073 158.366 48.999 163.769 229.551
ROTC2-30-180.pdb 1 A    1     A 162.257 138.98 56.487 152.788 237.901 176.098 35.549 182.135 217.609
ROTC2-30-270.pdb 1 A    1     C 189.627 219.818 301.581 147.751 266.433 305.57 40.384 281.939 245.64
ROTC2-30-300.pdb 1 A    1     C 101.622 231.461 64.775 147.072 263.45 290.305 47.154 325.419 230.248
ROTC2-30-30.pdb 1 A    1     G 282.632 196.381 286.162 152.872 234.858 76.107 59.786 56.277 68.262
ROTC2-30-90.pdb 1 A    1     G 173.239 215.198 52.586 153.867 232.826 128.753 47.756 113.563 217.534
ROTC2-330-0.pdb 1 A    1     G 299.596 84.977 164.189 149.476 192.126 145.278 332.202 13.217 260.635
ROTC2-330-120.pdb 1 A    1     C 105.184 196.468 50.874 145.054 280.299 79.053 349.194 140.778 221.66
ROTC2-330-210.pdb 1 A    1     A 60.026 232.006 54.49 152.109 246.297 198.406 356.35 213.866 291.298
ROTC2-330-270.pdb 1 A    1     U 287.718 199.422 177.931 145.691 267.828 288.029 346.823 282.257 221.462
ROTC2-330-300.pdb 1 A    1     U 120.618 166.94 45.069 142.483 268.157 302.406 334.202 301.834 246.208
ROTC2-330-30.pdb 1 A    1     A 304.378 160.828 186.987 147.47 202.389 156.454 331.097 56.352 220.556
ROTC2-330-330.pdb 1 A    1     A 54.099 163.327 55.966 146.521 263.329 321.064 347.843 340.558 251.057
ROTC2-330-60.pdb 1 A    1     C 59.588 216.586 65.316 145.443 215.723 54.296 335.051 82.296 219.932
ROTC2-330-90.pdb 1 A    1     U 84.95 172.406 21.6 139.631 265.862 73.891 351.676 101.771 241.42
ROTC2-60-0.pdb 1 A    1     A 293.458 172.068 287.034 137.514 219.178 53.406 67.711 27.342 239.545
ROTC2-60-120.pdb 1 A    1     U 175.67 189.548 64.11 132.688 276.062 82.386 74.746 125.28 219.809
ROTC2-60-180.pdb 1 A    1     C 166.698 152.091 40.568 145.769 289.253 110.859 60.096 182.665 228.608
ROTC2-60-240.pdb 1 A    1     C 107.647 236.038 68.963 147.298 226.436 259.996 71.012 261.536 225.619
ROTC2-60-270.pdb 1 A    1     A 166.801 187.973 57.791 147.16 251.472 266.356 65.004 280.06 254.632
ROTC2-60-300.pdb 1 A    1     U 202.498 151.493 51.727 141.294 276.163 295.071 86.956 324.372 242.533
ROTC2-60-60.pdb 1 A    1     G 60.606 184.733 182.309 145.21 234.365 135.994 88.787 81.873 274.464
ROTC2-90-210.pdb 1 A    1     A 171.716 214.631 63.868 152.917 211.412 194.491 106.522 211.662 260.317
ROTC2-90-240.pdb 1 A    1     U 80.347 78.289 206.462 149.4 258.835 298.91 111.411 243.811 218.6
ROTC2-90-270.pdb 1 A    1     A 205.99 186.029 51.777 137.912 239.915 286.942 94.857 285.992 299.307
ROTC2-90-300.pdb 1 A    1     G 239.503 123.303 32.149 131.845 272.831 286.228 97.154 319.33 233.697
ROTC2-90-30.pdb 1 A    1     C 285.501 215.617 306.275 154.878 257.504 94.273 90.539 48.605 62.836
ROTC2-90-60.pdb 1 A    1     G 291.269 196.005 284.172 149.355 238.004 88.561 115.4 63.634 211.326
ROTC3-0-180.pdb 1 A    1     A 264.668 241.532 184.906 86.988 222.855 279.104 0.216 196.19 183.475
ROTC3-0-210.pdb 1 A    1     G 169.443 147.127 51.021 83.486 220.952 287.674 20.621 230.649 186.571
ROTC3-0-240.pdb 1 A    1     A 67.688 214.66 73.098 94.655 214.199 296.772 21.561 247.009 175.244
ROTC3-0-60.pdb 1 A    1     A 92.356 195.595 56.281 86.204 235.632 99.812 8.496 89.642 194.364
ROTC3-120-150.pdb 1 A    1     C 173.389 76.337 169.245 84.343 216.896 284.716 141.543 154.488 200.29
ROTC3-120-180.pdb 1 A    1     G 128.626 197.34 179.763 80.116 208.188 292.805 137.04 188.811 186.132
ROTC3-120-210.pdb 1 A    1     G 222.684 164.824 58.865 86.744 219.683 297.929 137.419 224.111 268.009
ROTC3-120-240.pdb 1 A    1     G 201.891 173.45 51.893 84.461 216.634 312.822 136.709 249.655 175.472
ROTC3-120-270.pdb 1 A    1     A 269.741 186.135 50.25 84.214 224.446 316.481 139.73 290.698 207.054
ROTC3-120-300.pdb 1 A    1     C 268.963 246.369 288.766 81.382 187.689 84.594 131.155 324.591 204.145
ROTC3-120-60.pdb 1 A    1     G 295.872 160.406 47.099 82.34 226.426 124.903 148.181 60.251 240.03
ROTC3-150-0.pdb 1 A    1     A 303.237 153.601 58.493 82.754 208.301 63.22 160.868 26.09 192.912
ROTC3-150-120.pdb 1 A    1     A 299.885 155.339 58.082 89.736 230.693 160.239 163.987 127.682 193.485
ROTC3-150-150.pdb 1 A    1     A 313.614 267.193 287.156 88.787 203.614 307.792 167.107 164.73 198.226
ROTC3-150-180.pdb 1 A    1     G 151.307 170.544 183.26 90.354 221.189 292.572 166.256 195.295 187.305
ROTC3-150-210.pdb 1 A    1     C 289.167 164.619 61.337 83.606 206.644 295.834 164.885 224.999 200.047
ROTC3-150-240.pdb 1 A    1     U 297.996 170.4 49.513 79.379 207.943 294.078 164.206 253.568 215.981
ROTC3-150-270.pdb 1 A    1     A 288.627 177.64 53.864 86.218 216.237 302.979 170.861 277.507 235.87
ROTC3-150-300.pdb 1 A    1     C 287.023 160.308 60.128 87.036 252.894 333.574 167.612 321.15 199.913
ROTC3-150-30.pdb 1 A    1     U 291.149 174.892 52.367 81.93 196.483 112.476 163.682 32.466 210.466
ROTC3-150-330.pdb 1 A    1     U 296.927 167.371 55.875 84.47 206.944 59.222 168.803 344.985 207.307
ROTC3-150-60.pdb 1 A    1     G 288.681 173.452 53.106 83.919 224.074 132.515 168.335 75.565 213.332
ROTC3-150-90.pdb 1 A    1     C 286.503 169.592 59.173 84.844 265.33 105.128 175.029 101.844 203.935
ROTC3-180-0.pdb 1 A    1     A 300.272 177.636 58.617 82.921 204.912 81.554 181.285 28.468 201.176
ROTC3-180-120.pdb 1 A    1     A 259.063 72.349 170.409 85.507 206.751 282.765 204.367 141.611 180.947
ROTC3-180-150.pdb 1 A    1     G 70.384 156.792 281.061 80.012 213.852 281.634 197.673 168.871 198.412
ROTC3-180-180.pdb 1 A    1     A 243.905 78.928 160.153 89.968 245.66 295.886 191.085 199.055 180.169
ROTC3-180-210.pdb 1 A    1     G 282.373 182.62 51.9 82.913 209.282 296.277 199.549 224.791 182.465
ROTC3-180-240.pdb 1 A    1     U 304.091 189.869 58.785 84.149 246.89 286.387 193.353 250.335 181.548
ROTC3-180-30.pdb 1 A    1     A 150.951 204.893 189.346 84.197 247.724 96.002 181.998 38.157 192.444
ROTC3-180-330.pdb 1 A    1     C 302.375 206.275 46.946 79.133 179.3 47.995 194.489 334.755 250.075
ROTC3-180-60.pdb 1 A    1     A 296.881 198.4 54.097 86.209 210.814 94.076 191.399 67.967 205.705
ROTC3-180-90.pdb 1 A    1     C 293.064 181.896 59.22 87.893 270.449 94.479 198.249 98.381 203.953
ROTC3-210-120.pdb 1 A    1     G 266.721 61.472 178.645 80.708 207.952 287.621 213.015 138.424 194.242
ROTC3-210-150.pdb 1 A    1     A 277.433 101.213 172.315 83.875 219.668 294.75 221.021 169.336 172.192
ROTC3-210-180.pdb 1 A    1     C 70.617 171.166 296.665 89.329 222.659 287.77 213.525 195.052 181.902
ROTC3-210-210.pdb 1 A    1     G 300.81 191.134 53.019 85.784 206.477 301.333 231.132 228.616 188.414
ROTC3-210-240.pdb 1 A    1     U 294.98 197.426 59.344 86.052 239.449 292.126 234.632 252.489 196.994
ROTC3-210-60.pdb 1 A    1     G 299.41 221.606 61.615 85.184 191.942 154.407 220.985 72.17 262.561
ROTC3-240-0.pdb 1 A    1     A 66.519 220.747 296.271 99.869 207.441 137.866 257.813 25.606 69.646
ROTC3-240-120.pdb 1 A    1     C 277.457 80.11 180.267 82.978 215.518 280.013 248.792 139.852 191.96
ROTC3-240-150.pdb 1 A    1     G 310.078 223.465 61.905 89.099 233.63 190.505 246.264 167.648 77.211
ROTC3-240-210.pdb 1 A    1     G 65.335 148.465 46.78 85.993 229.283 278.844 255.134 231.396 177.478
ROTC3-240-30.pdb 1 A    1     A 56.25 145.048 56.014 85.21 246.98 82.269 262.392 38.316 183.545
ROTC3-240-60.pdb 1 A    1     A 274.439 228.518 125.161 84.521 245.709 111.347 247.162 62.793 185.091
ROTC3-270-0.pdb 1 A    1     U 63.858 121.662 40.093 83.276 207.874 47.421 270.921 8.988 202.366
ROTC3-270-150.pdb 1 A    1     G 286.621 189.719 173.525 83.847 211.769 249.252 288.658 175.1 195.791
ROTC3-270-180.pdb 1 A    1     A 282.124 185.176 179.977 83.865 219.543 291.01 283.734 193.973 195.914
ROTC3-270-210.pdb 1 A    1     A 85.703 140.408 56.279 81.043 207.15 291.335 271.215 224.578 192.81
ROTC3-270-240.pdb 1 A    1     A 58.71 126.49 52.43 84.103 228.94 300.585 284.066 255.046 182.091
ROTC3-270-270.pdb 1 A    1     A 60.165 180.072 56.199 88.934 261.23 256.063 299.745 274.241 278.632
ROTC3-270-30.pdb 1 A    1     U 56.38 127.065 47.546 83.797 184.008 117.004 295.978 39.909 186.945
ROTC3-270-330.pdb 1 A    1     A 304.559 141.518 178.098 85.926 199.227 128.748 286.176 357.257 230.284
ROTC3-300-0.pdb 1 A    1     A 43.044 126.83 54.34 89.805 240.484 60.318 301.902 25.301 251.456
ROTC3-300-180.pdb 1 A    1     C 76.345 177.302 57.013 80.343 202.866 278.211 308.384 200.398 189.812
ROTC3-300-210.pdb 1 A    1     G 49.421 177.21 51.778 83.652 195.498 303.427 312.741 227.197 184.338
ROTC3-300-240.pdb 1 A    1     A 57.919 199.212 55.027 92.203 231.139 289.931 323.461 242.691 171.933
ROTC3-300-30.pdb 1 A    1     A 76.471 152.771 46.328 86.843 205.328 105.933 310.587 35.919 193.093
ROTC3-300-90.pdb 1 A    1     C 57.326 163.269 67.207 89.696 261.794 95.371 308.5 99.551 195.096
ROTC3-30-150.pdb 1 A    1     G 47.517 105.339 172.487 79.343 221.411 279.925 47.621 150.787 178.005
ROTC3-30-210.pdb 1 A    1     C 172.549 172.09 55.719 82.672 219.433 285.077 47.153 220.156 214.446
ROTC3-30-240.pdb 1 A    1     A 107.197 206.583 62.222 88.735 229.802 295.388 47.214 246.76 180.644
ROTC3-30-30.pdb 1 A    1     C 106.433 229.719 68.438 86.913 212.03 75.436 58.746 50.375 204.903
ROTC3-330-210.pdb 1 A    1     C 149.438 157.808 47.907 81.885 214.889 292.887 349.804 228.062 198.519
ROTC3-330-240.pdb 1 A    1     C 147.942 149.536 44.218 86.835 229.608 312.913 348.135 264.167 185.362
ROTC3-330-270.pdb 1 A    1     A 49.371 201.954 57.344 91.333 21.746 183.105 353.409 299.704 259.353
ROTC3-330-300.pdb 1 A    1     G 310.19 150.51 178.248 85.934 205.549 90.632 357.17 323 80.922
ROTC3-330-30.pdb 1 A    1     G 118.584 116.189 38.415 83.632 219.435 56.72 348.981 39.735 233.983
ROTC3-330-330.pdb 1 A    1     U 64.618 211.555 58.887 82.532 168.8 51.642 344.754 333.006 206.818
ROTC3-60-0.pdb 1 A    1     A 73.117 116.165 181.979 84.525 233.515 127.202 72.115 25.153 214.531
ROTC3-60-150.pdb 1 A    1     G 257.627 219.015 285.616 88.83 199.737 297.27 83.223 168.378 184.665
ROTC3-60-210.pdb 1 A    1     U 140.657 173.069 48.807 79.96 209.76 297.48 67.05 223.537 192.06
ROTC3-60-30.pdb 1 A    1     A 121.295 211.036 71.865 91.646 242.963 66.637 68.628 36.682 215.772
ROTC3-90-120.pdb 1 A    1     C 300.31 260.578 284.319 85.465 200.223 287.131 113.378 141.379 188.163
ROTC3-90-180.pdb 1 A    1     A 67.568 136.191 176.571 84.616 221.654 293.311 114.776 181.883 179.028
ROTC3-90-210.pdb 1 A    1     U 113.586 153.037 188.54 88.211 226.328 298.27 106.97 224.797 226.86
ROTC3-90-240.pdb 1 A    1     A 65.086 199.701 187.419 83.336 259.084 324.767 99.706 257.922 64.426
ROTC3-90-300.pdb 1 A    1     C 59.014 183.854 174.557 88.799 205.503 53.776 117.614 305.073 63
ROTC3-90-90.pdb 1 A    1     A 179.671 181.96 54.446 88.722 215.921 148.008 105.029 101.15 86.379
