# label model chain number ins type alpha beta gamma delta epsilon zeta eta theta chi
ROTC2-0-120.pdb 1 A    1     A 66.544 241.957 50.941 151.601 266.405 83.625 4.869 136.253 194.075
ROTC2-0-160.pdb 1 A    1     U 69.243 193.888 42.405 138.505 251.776 169.875 11.312 168.814 231.686
ROTC2-0-260.pdb 1 A    1     A 70.432 176.333 58.661 150.41 253.466 236.373 11.262 278.182 242.422
ROTC2-0-300.pdb 1 A    1     U 103.655 146.052 55.69 144.93 270.684 282.44 6.743 318.93 234.178
ROTC2-0-320.pdb 1 A    1     C 75.963 185.288 55.417 149.262 271.752 300.125 15.578 329.427 247.393
ROTC2-0-340.pdb 1 A    1     U 69.499 186.525 59.131 147.068 274.248 321.844 8.943 349.046 227.693
ROTC2-100-200.pdb 1 A    1     A 171.716 214.631 63.868 152.917 211.412 194.491 106.522 211.662 260.317
ROTC2-100-240.pdb 1 A    1     U 80.347 78.289 206.462 149.4 258.835 298.91 111.411 243.811 218.6
ROTC2-100-260.pdb 1 A    1     G 289.718 207.783 299.448 159.957 258.852 291.378 113.774 277.869 67.291
ROTC2-100-60.pdb 1 A    1     G 291.269 196.005 284.172 149.355 238.004 88.561 115.4 63.634 211.326
ROTC2-120-260.pdb 1 A    1     A 60.822 117.128 181.71 139.505 272.366 286.045 120.971 278.436 235.148
ROTC2-140-120.pdb 1 A    1     C 282.582 189.724 63.181 153.338 251.209 85.871 158.384 122.863 234.211
ROTC2-140-140.pdb 1 A    1     G 302.287 186.615 60.615 141.409 210.235 168.295 157.702 149.606 249.142
ROTC2-140-220.pdb 1 A    1     A 270.655 171.667 39.625 121.589 253.021 245.547 150.948 231.779 287.544
ROTC2-140-320.pdb 1 A    1     C 223.713 194.364 29.437 147.755 258.44 283.331 157.697 326.09 195.248
ROTC2-140-340.pdb 1 A    1     A 262.312 183.994 61.541 153.508 273.67 305.984 150.605 345.322 255.195
ROTC2-140-60.pdb 1 A    1     A 282.781 184.886 58.348 153.975 204.749 85.575 154.222 70.95 246.923
ROTC2-140-80.pdb 1 A    1     C 266.913 164.63 44.538 147.929 228.786 73.789 159.356 98.229 246.07
ROTC2-160-100.pdb 1 A    1     G 283.015 227.138 54.34 144.585 227.05 114.635 169.969 112.652 252.777
ROTC2-160-120.pdb 1 A    1     G 284.412 188.519 47.639 144.416 245.201 125.381 167.92 122.436 236.203
ROTC2-160-140.pdb 1 A    1     G 287.645 224.477 53.381 143.88 227.362 168.24 174.665 154.694 257.364
ROTC2-160-180.pdb 1 A    1     A 230.972 196.418 48.553 135.468 218.089 185.152 172.572 184.848 292.914
ROTC2-160-200.pdb 1 A    1     G 291.291 186.931 58.339 147.502 188.471 235.639 162.927 215.851 240.499
ROTC2-160-220.pdb 1 A    1     A 288.651 167.099 60.624 148.62 222.626 209.872 165.729 227.917 288.56
ROTC2-160-240.pdb 1 A    1     C 288.545 199.801 49.627 144.891 222.591 255.566 172.738 244.446 242.33
ROTC2-160-260.pdb 1 A    1     A 274.908 233.386 42.574 141.484 236.815 274.873 178.32 268.477 241.88
ROTC2-160-280.pdb 1 A    1     G 257.591 164.501 61.659 158.904 234.044 280.68 169.815 299.222 296.947
ROTC2-160-300.pdb 1 A    1     A 250.189 188.189 51.802 142.662 249.459 273.642 160.432 313.16 268.164
ROTC2-160-80.pdb 1 A    1     G 281.806 234.12 46.328 148.661 213.29 105.714 168.021 99.714 255.642
ROTC2-180-100.pdb 1 A    1     U 315.012 169.827 57.333 145.849 221.155 121.197 192.091 107.815 230.955
ROTC2-180-120.pdb 1 A    1     G 299.884 176.118 57.333 145.802 259.465 125.664 190.957 131.184 238.737
ROTC2-180-140.pdb 1 A    1     A 281.4 168.961 73.641 134.539 268.135 149.931 188.977 149.486 241.127
ROTC2-180-160.pdb 1 A    1     U 301.281 172.21 60.789 149.659 260.59 174.579 192.169 168.348 231.466
ROTC2-180-180.pdb 1 A    1     U 235.097 232.659 57.398 151.886 235.264 199.043 189.402 190.182 239.058
ROTC2-180-220.pdb 1 A    1     A 283.706 229.609 57.692 153.058 200.95 212.445 189.769 228.743 283.045
ROTC2-180-240.pdb 1 A    1     A 298.371 200.378 49.556 148.079 264.659 211.611 186.52 247.328 72.638
ROTC2-180-280.pdb 1 A    1     G 310.877 170.154 48.018 143.335 262.111 273.877 191.425 289.211 74.592
ROTC2-180-300.pdb 1 A    1     U 299.003 177.005 57.473 140.927 258.14 290.597 190.49 305.587 235.021
ROTC2-180-320.pdb 1 A    1     U 304.273 173.918 57.882 151.775 251.62 309.295 187.89 329.705 249.365
ROTC2-180-60.pdb 1 A    1     A 47.333 170.843 297.819 153.119 235.164 79.199 191.027 70.793 57.527
ROTC2-180-80.pdb 1 A    1     U 281.727 169.49 46.869 151.45 255.248 71.689 198.128 86.433 251.836
ROTC2-20-160.pdb 1 A    1     A 168.061 130.953 53.1 151.181 253.473 161.562 39.154 179.269 215.623
ROTC2-20-180.pdb 1 A    1     A 162.257 138.98 56.487 152.788 237.901 176.098 35.549 182.135 217.609
ROTC2-20-280.pdb 1 A    1     U 165.017 168.696 58.731 150.597 281.142 218.482 39.667 280.161 237.672
ROTC2-20-300.pdb 1 A    1     A 64.087 196.015 53.168 146.425 266.335 253.923 30.868 310.616 252.87
ROTC2-200-120.pdb 1 A    1     A 283.976 186.544 43.799 149.494 255.499 90.713 219.655 128.141 227.617
ROTC2-200-160.pdb 1 A    1     G 303.409 196.755 48.924 146.72 242.983 171.504 204.42 167.077 265.486
ROTC2-200-180.pdb 1 A    1     A 287.995 234.055 49.5 147.737 238.181 168.81 204.957 188.178 303.338
ROTC2-200-200.pdb 1 A    1     G 162.107 190.085 183.141 145.418 228.316 243.312 206 202.457 203.536
ROTC2-200-220.pdb 1 A    1     G 290.508 159.604 55.42 148.291 268.008 220.116 204.449 232.418 198.46
ROTC2-200-240.pdb 1 A    1     G 314.781 155.109 59.311 141.638 278.768 214.56 206.174 245.199 240.799
ROTC2-200-260.pdb 1 A    1     A 67.116 123.512 291.085 157.129 281.765 226.061 202.122 275.014 68.275
ROTC2-200-280.pdb 1 A    1     A 92.657 211.463 175.638 136.338 270.781 283.511 210.561 285.57 279.201
ROTC2-200-300.pdb 1 A    1     G 299.419 216.371 47.959 144.88 241.019 287.086 206.289 315.249 284.796
ROTC2-200-320.pdb 1 A    1     G 316.003 174.321 62.489 158.097 259.31 289.929 210.181 321.295 243.116
ROTC2-200-60.pdb 1 A    1     A 62.286 181.51 296.014 138.263 249.764 62.566 200.646 68.908 260.08
ROTC2-220-0.pdb 1 A    1     A 225.808 90.369 146.334 151.426 274.038 73.763 233.397 13.983 214.144
ROTC2-220-100.pdb 1 A    1     U 288.838 229.874 62.03 140.723 272.512 82.981 229.183 104.521 225.8
ROTC2-220-120.pdb 1 A    1     G 303.845 227.949 53.008 151.261 285.432 88.448 238.926 129.661 292.109
ROTC2-220-140.pdb 1 A    1     C 299.39 248.949 55.733 148.613 235.168 122.683 235.293 142.975 233.82
ROTC2-220-220.pdb 1 A    1     A 301.554 210.798 68.661 151.517 265.612 192.509 225.22 238.119 273.095
ROTC2-220-300.pdb 1 A    1     A 307.509 233.263 53.649 147.965 283.694 258.591 231.801 308.73 255.001
ROTC2-220-80.pdb 1 A    1     A 293.22 182.518 45.924 139.244 262.81 62.999 231.909 93.22 213.177
ROTC2-240-40.pdb 1 A    1     U 316.365 238.283 52.692 141.966 245.437 54.462 251.665 54.251 236.756
ROTC2-240-60.pdb 1 A    1     G 49.838 237.813 299.225 152.484 259.559 75.262 241.38 73.577 249.681
ROTC2-240-80.pdb 1 A    1     U 46.235 138.48 40.166 150.068 219.64 113.844 256.977 99.262 222.178
ROTC2-260-160.pdb 1 A    1     G 68.907 250.149 284.16 155.735 282.176 188.794 272.412 169.013 271.528
ROTC2-260-20.pdb 1 A    1     U 71.773 245.202 292.122 148.283 228.589 76.815 265.271 36.552 239.367
ROTC2-260-260.pdb 1 A    1     U 62.98 181.937 24.562 139.597 234.394 273.557 278.355 268.37 282.682
ROTC2-280-140.pdb 1 A    1     U 68.875 159.521 56.867 135.541 217.881 171.156 298.969 151.077 230.329
ROTC2-280-20.pdb 1 A    1     G 14.072 275.224 279.826 155.325 189.914 140.036 284.033 33.123 274.901
ROTC2-280-240.pdb 1 A    1     A 188.491 189.352 168.772 154.721 263.931 281.775 281.627 246.782 285.873
ROTC2-280-300.pdb 1 A    1     A 299.489 240.041 49.8 141.309 266.708 294.642 280.497 319.45 284.072
ROTC2-280-60.pdb 1 A    1     A 327.326 209.505 54.266 142.839 249.616 67.435 288.733 69.289 233.961
ROTC2-280-80.pdb 1 A    1     G 82.872 187.054 295.115 154.994 280.006 76.179 288.401 98.969 182.3
ROTC2-300-100.pdb 1 A    1     U 94.07 181.952 35.322 144.332 258.591 70.176 318.233 103.918 231.135
ROTC2-300-160.pdb 1 A    1     A 269.392 222.019 146.846 157.21 264.492 158.739 317.8 176.529 227.476
ROTC2-300-20.pdb 1 A    1     A 315.152 126.179 174.289 148.674 198.469 122.92 312.639 26.761 67.657
ROTC2-300-220.pdb 1 A    1     C 288.292 156.752 181.295 147.094 264.667 260.859 313.803 221.924 240.823
ROTC2-300-300.pdb 1 A    1     G 69.096 158.09 52.876 153.54 230.356 288.07 310.875 302.818 166.285
ROTC2-300-60.pdb 1 A    1     G 32.904 197.418 41.583 147.566 247.856 80.032 318.35 79.382 234.988
ROTC2-320-0.pdb 1 A    1     G 299.596 84.977 164.189 149.476 192.126 145.278 332.202 13.217 260.635
ROTC2-320-20.pdb 1 A    1     G 283.19 77.143 182.321 147.675 184.72 154.117 321.068 22.076 263.773
ROTC2-320-300.pdb 1 A    1     U 63.473 175.525 62.749 154.095 237.838 290.881 329.142 303.034 235.075
ROTC2-320-340.pdb 1 A    1     A 85.472 187.231 59.316 152.099 254.243 288.762 329.732 355.38 221.803
ROTC2-320-40.pdb 1 A    1     A 304.378 160.828 186.987 147.47 202.389 156.454 331.097 56.352 220.556
ROTC2-320-60.pdb 1 A    1     A 60.898 225.969 45.1 144.801 201.957 88.848 326.679 76.963 247.873
ROTC2-320-80.pdb 1 A    1     U 73.506 187.087 59.596 148.885 240.801 104.214 326.284 96.822 228.384
ROTC2-340-100.pdb 1 A    1     U 84.95 172.406 21.6 139.631 265.862 73.891 351.676 101.771 241.42
ROTC2-340-140.pdb 1 A    1     A 62.401 193.481 50.63 145.542 260.677 118.079 346.619 149.858 228.252
ROTC2-340-200.pdb 1 A    1     A 60.026 232.006 54.49 152.109 246.297 198.406 356.35 213.866 291.298
ROTC2-340-280.pdb 1 A    1     C 65.438 227.378 41.557 141.593 249.875 288.46 354.509 293.358 252.805
ROTC2-340-340.pdb 1 A    1     C 49.554 159.284 49.681 148.447 272.486 320.823 341.736 352.505 224.029
ROTC2-40-100.pdb 1 A    1     G 173.239 215.198 52.586 153.867 232.826 128.753 47.756 113.563 217.534
ROTC2-40-120.pdb 1 A    1     A 161.932 146.638 53.232 152.973 260.793 106.007 46.767 123.027 231.368
ROTC2-40-140.pdb 1 A    1     C 165.346 159.12 40.736 145.397 276.473 142.706 58.536 154.326 236.683
ROTC2-40-160.pdb 1 A    1     A 145.343 167.039 46.087 151.888 288.313 107.482 49.73 171.483 235.444
ROTC2-40-280.pdb 1 A    1     U 286.905 167.091 288.093 145.838 259.745 311.816 49.346 293.446 244.278
ROTC2-40-320.pdb 1 A    1     C 101.622 231.461 64.775 147.072 263.45 290.305 47.154 325.419 230.248
ROTC2-40-40.pdb 1 A    1     G 282.632 196.381 286.162 152.872 234.858 76.107 59.786 56.277 68.262
ROTC2-60-120.pdb 1 A    1     U 175.67 189.548 64.11 132.688 276.062 82.386 74.746 125.28 219.809
ROTC2-60-140.pdb 1 A    1     U 173.114 140.935 52.261 144.714 281.909 102.126 63.889 151.797 213.81
ROTC2-60-160.pdb 1 A    1     U 162.714 148.175 51.888 147.565 293.007 112.09 64.544 168.379 221.564
ROTC2-60-180.pdb 1 A    1     C 166.698 152.091 40.568 145.769 289.253 110.859 60.096 182.665 228.608
ROTC2-60-20.pdb 1 A    1     A 293.458 172.068 287.034 137.514 219.178 53.406 67.711 27.342 239.545
ROTC2-60-260.pdb 1 A    1     C 107.647 236.038 68.963 147.298 226.436 259.996 71.012 261.536 225.619
ROTC2-60-280.pdb 1 A    1     A 166.801 187.973 57.791 147.16 251.472 266.356 65.004 280.06 254.632
ROTC2-60-300.pdb 1 A    1     G 176.999 184.42 48.254 151.158 273.883 265.242 62.343 301.264 244.397
ROTC2-80-140.pdb 1 A    1     U 186.299 220.502 44.278 138.156 273.818 159.414 89.592 155.006 231.479
ROTC2-80-160.pdb 1 A    1     G 51.773 93.845 181.568 145.549 252.642 229.981 83.206 171.1 47.175
ROTC2-80-280.pdb 1 A    1     A 205.99 186.029 51.777 137.912 239.915 286.942 94.857 285.992 299.307
ROTC2-80-300.pdb 1 A    1     G 239.503 123.303 32.149 131.845 272.831 286.228 97.154 319.33 233.697
ROTC2-80-320.pdb 1 A    1     U 202.498 151.493 51.727 141.294 276.163 295.071 86.956 324.372 242.533
ROTC2-80-40.pdb 1 A    1     C 285.501 215.617 306.275 154.878 257.504 94.273 90.539 48.605 62.836
ROTC2-80-80.pdb 1 A    1     G 60.606 184.733 182.309 145.21 234.365 135.994 88.787 81.873 274.464
ROTC3-0-180.pdb 1 A    1     A 264.668 241.532 184.906 86.988 222.855 279.104 0.216 196.19 183.475
ROTC3-0-200.pdb 1 A    1     C 91.657 191.489 54.556 83.409 200.015 291.95 2.725 212.28 194.368
ROTC3-0-220.pdb 1 A    1     U 166.226 136.321 51.817 88.966 235.72 271.94 15.08 233.868 202.724
ROTC3-0-240.pdb 1 A    1     U 154.42 148.575 45.732 93.622 221.448 290.004 0.517 240.567 193.041
ROTC3-0-80.pdb 1 A    1     A 92.356 195.595 56.281 86.204 235.632 99.812 8.496 89.642 194.364
ROTC3-100-100.pdb 1 A    1     A 179.671 181.96 54.446 88.722 215.921 148.008 105.029 101.15 86.379
ROTC3-100-140.pdb 1 A    1     A 75.398 141.399 187.82 79.849 210.755 277.296 114.328 148.745 265.048
ROTC3-100-180.pdb 1 A    1     A 67.568 136.191 176.571 84.616 221.654 293.311 114.776 181.883 179.028
ROTC3-100-200.pdb 1 A    1     A 212.64 230.231 56.555 87.895 216.249 274.162 110.533 217.676 219.527
ROTC3-100-220.pdb 1 A    1     U 113.586 153.037 188.54 88.211 226.328 298.27 106.97 224.797 226.86
ROTC3-100-240.pdb 1 A    1     A 183.239 189.935 51.037 81.86 241.876 298.157 114.906 251.569 87.895
ROTC3-100-300.pdb 1 A    1     C 59.014 183.854 174.557 88.799 205.503 53.776 117.614 305.073 63
ROTC3-120-160.pdb 1 A    1     C 72.222 188.593 182.827 83.649 198.726 290.079 134.983 177.96 183.546
ROTC3-120-180.pdb 1 A    1     G 77.031 201.521 185.14 85.162 217.932 280.688 130.282 183.924 188.333
ROTC3-120-200.pdb 1 A    1     C 276.811 181 39.049 82.186 206.35 287.017 126.138 210.463 189.379
ROTC3-120-220.pdb 1 A    1     G 260.031 191.907 49.291 81.249 199.029 292.226 126.532 234.399 193.9
ROTC3-120-240.pdb 1 A    1     G 201.891 173.45 51.893 84.461 216.634 312.822 136.709 249.655 175.472
ROTC3-120-280.pdb 1 A    1     A 269.741 186.135 50.25 84.214 224.446 316.481 139.73 290.698 207.054
ROTC3-120-320.pdb 1 A    1     C 268.963 246.369 288.766 81.382 187.689 84.594 131.155 324.591 204.145
ROTC3-140-140.pdb 1 A    1     C 77.02 204.303 176.323 84.945 196.248 263.361 151.49 152.326 249.297
ROTC3-140-160.pdb 1 A    1     G 293.131 161.646 57.927 80.075 191.612 279.295 152.943 167.559 204.863
ROTC3-140-180.pdb 1 A    1     A 137.809 185.357 179.313 82.785 212.9 293.969 149.297 192.06 195.765
ROTC3-140-20.pdb 1 A    1     A 294.475 158.688 53.53 79.15 214.242 61.423 155.57 28.238 209.502
ROTC3-140-200.pdb 1 A    1     A 284.872 184.316 49.595 78.987 205.684 287.316 148.836 208.896 196.741
ROTC3-140-220.pdb 1 A    1     G 277.4 183.076 49.131 80.042 220.678 295.792 149.473 230.191 196.069
ROTC3-140-240.pdb 1 A    1     C 286.238 160.625 62.489 82.814 199.683 307.505 154.152 251.399 199.261
ROTC3-140-260.pdb 1 A    1     G 287.062 177.45 50.621 80.719 223.347 294.584 158.527 265.224 198.543
ROTC3-140-320.pdb 1 A    1     C 107.439 247.657 187.748 85.455 192.416 59.409 157.359 336.46 188.004
ROTC3-140-340.pdb 1 A    1     C 286.36 163.086 59.599 83.5 211.984 51.284 152.196 344.173 208.028
ROTC3-140-60.pdb 1 A    1     G 295.872 160.406 47.099 82.34 226.426 124.903 148.181 60.251 240.03
ROTC3-160-0.pdb 1 A    1     G 291.244 183.323 50.084 85.566 233.177 73.594 177.676 11.582 212.141
ROTC3-160-100.pdb 1 A    1     C 286.503 169.592 59.173 84.844 265.33 105.128 175.029 101.844 203.935
ROTC3-160-120.pdb 1 A    1     A 299.885 155.339 58.082 89.736 230.693 160.239 163.987 127.682 193.485
ROTC3-160-140.pdb 1 A    1     A 279.69 191.482 52.901 81.316 218.756 238.212 169.203 152.275 204.162
ROTC3-160-160.pdb 1 A    1     A 165.695 159.946 179.232 83.324 208.352 287.058 170.285 168.604 189.325
ROTC3-160-180.pdb 1 A    1     U 298.944 173.558 55.519 80.572 192.4 274.001 169.726 188.692 202.33
ROTC3-160-20.pdb 1 A    1     U 299.709 171.388 55.615 83.275 196.418 104.081 171.389 28.396 202.969
ROTC3-160-200.pdb 1 A    1     U 322.508 164.831 33.257 80.227 212.612 282.703 170.147 210.489 198.572
ROTC3-160-220.pdb 1 A    1     A 297.79 175.788 44.199 85.238 200.661 288.621 170.503 229.954 198.825
ROTC3-160-240.pdb 1 A    1     U 301.363 174.929 45.168 78.575 207.366 299.145 169.298 251.515 206.922
ROTC3-160-260.pdb 1 A    1     U 296.184 157.007 57.159 80.033 245.476 289.555 170.579 268.949 208.49
ROTC3-160-280.pdb 1 A    1     C 293.447 172.043 44.737 87.17 250.471 314.735 161.273 299.7 202.906
ROTC3-160-320.pdb 1 A    1     G 295.972 176.682 54.492 79.381 211.864 46.182 171.522 333.135 194.538
ROTC3-160-340.pdb 1 A    1     U 296.927 167.371 55.875 84.47 206.944 59.222 168.803 344.985 207.307
ROTC3-160-40.pdb 1 A    1     C 289.258 185.353 52.707 80.746 225.004 132.397 174.382 55.401 205.758
ROTC3-160-60.pdb 1 A    1     G 290.628 178.247 51.528 79.652 216.334 141.335 165.611 70.808 214.249
ROTC3-160-80.pdb 1 A    1     C 281.042 166.632 62.897 82.955 258.019 101.753 169.233 89.617 217.796
ROTC3-180-100.pdb 1 A    1     C 141.542 202.758 197.476 87.466 193.815 238.875 186.386 114.118 192.337
ROTC3-180-120.pdb 1 A    1     C 299.575 159.446 82.083 76.901 202.074 208.162 183.924 123.833 190.004
ROTC3-180-140.pdb 1 A    1     C 205.075 96.372 177.373 79.391 213.711 285.261 197.082 148.752 189.345
ROTC3-180-160.pdb 1 A    1     A 285.856 147.767 41.743 83.524 236.129 247.688 183.989 172.043 228.314
ROTC3-180-180.pdb 1 A    1     U 172.274 181.216 186.081 83.964 223.432 294.846 188.538 195.713 180.144
ROTC3-180-20.pdb 1 A    1     A 300.272 177.636 58.617 82.921 204.912 81.554 181.285 28.468 201.176
ROTC3-180-200.pdb 1 A    1     C 298.072 172.417 51.995 88.293 277.176 205.709 191.142 211.744 232.125
ROTC3-180-220.pdb 1 A    1     U 277.442 170.509 47.128 89.184 232.437 278.089 189.439 232.042 182.886
ROTC3-180-240.pdb 1 A    1     U 304.091 189.869 58.785 84.149 246.89 286.387 193.353 250.335 181.548
ROTC3-180-260.pdb 1 A    1     A 308.34 154.619 50.825 93.82 248.594 293.729 185.434 265.57 246.975
ROTC3-180-320.pdb 1 A    1     C 302.375 206.275 46.946 79.133 179.3 47.995 194.489 334.755 250.075
ROTC3-180-60.pdb 1 A    1     A 296.881 198.4 54.097 86.209 210.814 94.076 191.399 67.967 205.705
ROTC3-180-80.pdb 1 A    1     C 293.064 181.896 59.22 87.893 270.449 94.479 198.249 98.381 203.953
ROTC3-20-200.pdb 1 A    1     A 180.245 145.012 46.839 83.559 209.265 278.667 23.871 213.505 210.845
ROTC3-20-220.pdb 1 A    1     A 168.605 163.302 53.196 82.878 215.473 295.939 29.418 230.907 195.656
ROTC3-20-240.pdb 1 A    1     A 67.688 214.66 73.098 94.655 214.199 296.772 21.561 247.009 175.244
ROTC3-200-120.pdb 1 A    1     G 258.609 67.236 174.639 79.11 204.598 287.533 207.005 138.293 193.128
ROTC3-200-140.pdb 1 A    1     C 295.55 219.867 61.572 88.841 195.995 211.669 213.23 155.746 259.394
ROTC3-200-160.pdb 1 A    1     A 261.62 74.46 174.507 84.716 240.813 293.791 212.59 174.077 173.057
ROTC3-200-180.pdb 1 A    1     C 70.617 171.166 296.665 89.329 222.659 287.77 213.525 195.052 181.902
ROTC3-200-200.pdb 1 A    1     G 88.01 253.418 183.099 84.863 227.735 279.084 211.631 202.409 183.512
ROTC3-200-220.pdb 1 A    1     A 296.435 173.967 49.297 81.38 219.941 293.267 202.552 227.398 186.97
ROTC3-220-140.pdb 1 A    1     U 259.676 100.384 175.708 83.071 213.637 292.785 222.136 159.241 189.248
ROTC3-220-160.pdb 1 A    1     A 277.433 101.213 172.315 83.875 219.668 294.75 221.021 169.336 172.192
ROTC3-220-180.pdb 1 A    1     G 303.355 214.845 80.577 92.293 234.43 207.64 234.67 185.733 287.199
ROTC3-220-200.pdb 1 A    1     G 293.255 204.345 54.987 85.16 204.569 293.244 233.049 218.843 188.55
ROTC3-220-220.pdb 1 A    1     G 300.81 191.134 53.019 85.784 206.477 301.333 231.132 228.616 188.414
ROTC3-220-240.pdb 1 A    1     U 294.98 197.426 59.344 86.052 239.449 292.126 234.632 252.489 196.994
ROTC3-220-60.pdb 1 A    1     G 299.41 221.606 61.615 85.184 191.942 154.407 220.985 72.17 262.561
ROTC3-240-120.pdb 1 A    1     C 277.457 80.11 180.267 82.978 215.518 280.013 248.792 139.852 191.96
ROTC3-240-160.pdb 1 A    1     G 310.078 223.465 61.905 89.099 233.63 190.505 246.264 167.648 77.211
ROTC3-240-20.pdb 1 A    1     A 66.519 220.747 296.271 99.869 207.441 137.866 257.813 25.606 69.646
ROTC3-240-200.pdb 1 A    1     C 32.588 147.353 45.639 82.762 209.252 284.507 248.599 219.385 182.294
ROTC3-240-220.pdb 1 A    1     C 66.033 140.33 44.36 84.784 220.372 281.602 248.724 228.223 195.126
ROTC3-240-40.pdb 1 A    1     A 82.401 128.233 38.898 84.487 217.571 115.039 252.979 57.467 192.91
ROTC3-240-60.pdb 1 A    1     A 274.439 228.518 125.161 84.521 245.709 111.347 247.162 62.793 185.091
ROTC3-260-0.pdb 1 A    1     U 63.858 121.662 40.093 83.276 207.874 47.421 270.921 8.988 202.366
ROTC3-260-20.pdb 1 A    1     U 291.607 144.756 184.497 81.414 212.781 129.397 271.093 31.085 192.838
ROTC3-260-220.pdb 1 A    1     A 85.703 140.408 56.279 81.043 207.15 291.335 271.215 224.578 192.81
ROTC3-260-240.pdb 1 A    1     C 61.396 150.845 57.781 81.306 232.28 299.782 272.32 249.099 195.871
ROTC3-260-60.pdb 1 A    1     C 311.178 234.27 50.497 85.165 199.162 148.634 261.493 62.01 210.813
ROTC3-280-140.pdb 1 A    1     A 284.449 148.565 183.398 78.228 191.064 284.448 281.692 152.701 199.788
ROTC3-280-160.pdb 1 A    1     G 286.621 189.719 173.525 83.847 211.769 249.252 288.658 175.1 195.791
ROTC3-280-180.pdb 1 A    1     A 282.124 185.176 179.977 83.865 219.543 291.01 283.734 193.973 195.914
ROTC3-280-20.pdb 1 A    1     U 56.38 127.065 47.546 83.797 184.008 117.004 295.978 39.909 186.945
ROTC3-280-200.pdb 1 A    1     A 294.522 187.27 166.667 86.506 217.075 289.799 282.12 200.082 196.008
ROTC3-280-220.pdb 1 A    1     G 56.776 136.064 50.063 83.176 222.753 292.273 299.398 239.283 188.13
ROTC3-280-240.pdb 1 A    1     A 58.71 126.49 52.43 84.103 228.94 300.585 284.066 255.046 182.091
ROTC3-280-260.pdb 1 A    1     A 56.944 136.047 55.404 83.55 236.733 307.509 296.2 264.54 177.854
ROTC3-280-340.pdb 1 A    1     A 304.559 141.518 178.098 85.926 199.227 128.748 286.176 357.257 230.284
ROTC3-300-100.pdb 1 A    1     A 73.106 173.254 52.297 85.437 233.185 171.04 301.782 110.287 191.637
ROTC3-300-180.pdb 1 A    1     A 297.146 159.889 194.358 77.606 224.143 296.671 303.421 187.297 192.399
ROTC3-300-20.pdb 1 A    1     A 76.471 152.771 46.328 86.843 205.328 105.933 310.587 35.919 193.093
ROTC3-300-200.pdb 1 A    1     G 46.349 160.052 50.179 84.227 216.24 279.664 312.189 216.866 185.962
ROTC3-300-220.pdb 1 A    1     G 77.094 182.428 53.553 88.832 209.88 294.843 306.967 228.958 182.252
ROTC3-300-80.pdb 1 A    1     C 57.326 163.269 67.207 89.696 261.794 95.371 308.5 99.551 195.096
ROTC3-320-180.pdb 1 A    1     U 307.852 187.807 194.672 86.338 237.047 282 324.232 199.192 194.403
ROTC3-320-200.pdb 1 A    1     C 55.922 169.071 48.808 80.812 208.625 286.605 331.116 212.781 198.511
ROTC3-320-220.pdb 1 A    1     G 66.995 177.68 49.817 86.744 217.784 286.142 333.556 224.707 181.876
ROTC3-320-240.pdb 1 A    1     A 57.919 199.212 55.027 92.203 231.139 289.931 323.461 242.691 171.933
ROTC3-340-20.pdb 1 A    1     G 118.584 116.189 38.415 83.632 219.435 56.72 348.981 39.735 233.983
ROTC3-340-200.pdb 1 A    1     U 82.361 201.114 57.476 80.193 214.969 283.177 346.717 215.361 195.931
ROTC3-340-220.pdb 1 A    1     C 149.438 157.808 47.907 81.885 214.889 292.887 349.804 228.062 198.519
ROTC3-340-240.pdb 1 A    1     G 150.014 161.418 42.841 88.779 230.891 291.918 356.372 243.954 183.161
ROTC3-340-260.pdb 1 A    1     C 147.942 149.536 44.218 86.835 229.608 312.913 348.135 264.167 185.362
ROTC3-340-280.pdb 1 A    1     A 49.371 201.954 57.344 91.333 21.746 183.105 353.409 299.704 259.353
ROTC3-340-320.pdb 1 A    1     U 64.618 211.555 58.887 82.532 168.8 51.642 344.754 333.006 206.818
ROTC3-40-140.pdb 1 A    1     G 47.517 105.339 172.487 79.343 221.411 279.925 47.621 150.787 178.005
ROTC3-40-220.pdb 1 A    1     C 172.549 172.09 55.719 82.672 219.433 285.077 47.153 220.156 214.446
ROTC3-40-240.pdb 1 A    1     A 107.197 206.583 62.222 88.735 229.802 295.388 47.214 246.76 180.644
ROTC3-40-40.pdb 1 A    1     C 106.433 229.719 68.438 86.913 212.03 75.436 58.746 50.375 204.903
ROTC3-60-140.pdb 1 A    1     G 76.876 103.906 176.646 86.726 216.36 282.721 70.546 155.164 191.042
ROTC3-60-160.pdb 1 A    1     G 63.741 146.956 182.977 90.353 232.606 274.752 70.647 176.929 179.742
ROTC3-60-20.pdb 1 A    1     A 73.117 116.165 181.979 84.525 233.515 127.202 72.115 25.153 214.531
ROTC3-60-220.pdb 1 A    1     U 140.657 173.069 48.807 79.96 209.76 297.48 67.05 223.537 192.06
ROTC3-80-140.pdb 1 A    1     A 72.281 147.193 195.309 87.516 225.373 263.108 86.917 156.669 212.148
ROTC3-80-160.pdb 1 A    1     G 257.627 219.015 285.616 88.83 199.737 297.27 83.223 168.378 184.665
ROTC3-80-200.pdb 1 A    1     A 174.623 186.498 54.312 78.186 201.874 299.658 99.69 214.627 186.464
ROTC3-80-220.pdb 1 A    1     G 192.805 146.306 45.261 82.903 206.153 291.761 91.772 223.5 187.184
ROTC3-80-240.pdb 1 A    1     A 65.086 199.701 187.419 83.336 259.084 324.767 99.706 257.922 64.426
