# label model chain number ins type alpha beta gamma delta epsilon zeta eta theta chi
ROTC2-0-135.pdb 1 A    1     A 66.544 241.957 50.941 151.601 266.405 83.625 4.869 136.253 194.075
ROTC2-0-345.pdb 1 A    1     G 75.247 145.263 69.353 139.953 257.427 308.56 4.146 347.944 241.584
ROTC2-10-165.pdb 1 A    1     U 69.243 193.888 42.405 138.505 251.776 169.875 11.312 168.814 231.686
ROTC2-10-275.pdb 1 A    1     A 70.432 176.333 58.661 150.41 253.466 236.373 11.262 278.182 242.422
ROTC2-105-210.pdb 1 A    1     A 171.716 214.631 63.868 152.917 211.412 194.491 106.522 211.662 260.317
ROTC2-110-240.pdb 1 A    1     U 80.347 78.289 206.462 149.4 258.835 298.91 111.411 243.811 218.6
ROTC2-110-275.pdb 1 A    1     G 289.718 207.783 299.448 159.957 258.852 291.378 113.774 277.869 67.291
ROTC2-115-60.pdb 1 A    1     G 291.269 196.005 284.172 149.355 238.004 88.561 115.4 63.634 211.326
ROTC2-120-275.pdb 1 A    1     A 60.822 117.128 181.71 139.505 272.366 286.045 120.971 278.436 235.148
ROTC2-145-220.pdb 1 A    1     G 305.506 240.546 291.336 159.959 267.403 228.368 149.222 222.065 310.662
ROTC2-15-325.pdb 1 A    1     C 75.963 185.288 55.417 149.262 271.752 300.125 15.578 329.427 247.393
ROTC2-150-230.pdb 1 A    1     A 270.655 171.667 39.625 121.589 253.021 245.547 150.948 231.779 287.544
ROTC2-150-345.pdb 1 A    1     A 262.312 183.994 61.541 153.508 273.67 305.984 150.605 345.322 255.195
ROTC2-150-70.pdb 1 A    1     A 282.781 184.886 58.348 153.975 204.749 85.575 154.222 70.95 246.923
ROTC2-155-120.pdb 1 A    1     C 282.582 189.724 63.181 153.338 251.209 85.871 158.384 122.863 234.211
ROTC2-155-145.pdb 1 A    1     G 302.287 186.615 60.615 141.409 210.235 168.295 157.702 149.606 249.142
ROTC2-155-230.pdb 1 A    1     A 231.433 235.386 49.19 143.836 197.194 235.901 158.73 232.116 246.081
ROTC2-155-325.pdb 1 A    1     C 223.713 194.364 29.437 147.755 258.44 283.331 157.697 326.09 195.248
ROTC2-155-95.pdb 1 A    1     C 266.913 164.63 44.538 147.929 228.786 73.789 159.356 98.229 246.07
ROTC2-160-115.pdb 1 A    1     G 313.114 160.947 50.935 138.333 214.54 138.759 161.079 118.681 253.971
ROTC2-160-215.pdb 1 A    1     G 291.291 186.931 58.339 147.502 188.471 235.639 162.927 215.851 240.499
ROTC2-160-310.pdb 1 A    1     A 250.189 188.189 51.802 142.662 249.459 273.642 160.432 313.16 268.164
ROTC2-165-110.pdb 1 A    1     G 283.015 227.138 54.34 144.585 227.05 114.635 169.969 112.652 252.777
ROTC2-165-120.pdb 1 A    1     G 284.412 188.519 47.639 144.416 245.201 125.381 167.92 122.436 236.203
ROTC2-165-140.pdb 1 A    1     A 275.497 191.942 48.762 154.133 271.698 91.442 167.176 142.081 282.153
ROTC2-165-215.pdb 1 A    1     A 291.426 163.956 64.848 139.418 213.865 217.432 165.906 218.23 282.527
ROTC2-165-220.pdb 1 A    1     G 292.089 187.027 60.702 149.401 188.83 242.459 165.738 222.435 239.236
ROTC2-165-225.pdb 1 A    1     A 288.651 167.099 60.624 148.62 222.626 209.872 165.729 227.917 288.56
ROTC2-165-295.pdb 1 A    1     G 257.591 164.501 61.659 158.904 234.044 280.68 169.815 299.222 296.947
ROTC2-165-95.pdb 1 A    1     G 281.806 234.12 46.328 148.661 213.29 105.714 168.021 99.714 255.642
ROTC2-170-105.pdb 1 A    1     U 288.036 192.844 53.443 153.71 233.882 107.701 174.771 108.645 222.018
ROTC2-170-150.pdb 1 A    1     G 287.645 224.477 53.381 143.88 227.362 168.24 174.665 154.694 257.364
ROTC2-170-180.pdb 1 A    1     A 230.972 196.418 48.553 135.468 218.089 185.152 172.572 184.848 292.914
ROTC2-170-240.pdb 1 A    1     C 288.545 199.801 49.627 144.891 222.591 255.566 172.738 244.446 242.33
ROTC2-175-110.pdb 1 A    1     G 301.826 176.475 55.567 152.429 253.256 121.103 179.994 111.318 251.661
ROTC2-175-140.pdb 1 A    1     G 298.806 195.411 41.954 143.992 213.612 170.654 178.648 143.984 255.147
ROTC2-175-180.pdb 1 A    1     G 322.805 156.356 54.658 147.626 220.469 184.54 176.454 181.464 263.579
ROTC2-175-225.pdb 1 A    1     A 285.456 185.852 61.183 164.011 261.426 164.112 179.308 226.84 257.181
ROTC2-175-265.pdb 1 A    1     A 274.908 233.386 42.574 141.484 236.815 274.873 178.32 268.477 241.88
ROTC2-175-300.pdb 1 A    1     U 285.665 156.034 38.833 146.62 254.212 300.017 179.45 303.459 216.091
ROTC2-180-120.pdb 1 A    1     U 288.627 209.856 57.925 148.187 200.006 141.595 180.048 123.941 229.8
ROTC2-180-130.pdb 1 A    1     A 305.473 167.294 56.871 154.509 251.884 88.256 181.512 130.769 247.601
ROTC2-180-160.pdb 1 A    1     C 290.042 166.128 78.67 145.904 247.535 167.472 183.133 160.352 230.605
ROTC2-180-170.pdb 1 A    1     A 265.577 215.365 47.798 149.078 288.079 92.262 180.88 174.01 239.61
ROTC2-180-185.pdb 1 A    1     C 300.2 165.96 51.759 146.533 240.379 174.643 183.96 187.201 235.207
ROTC2-180-230.pdb 1 A    1     C 300.805 166.551 61.193 149.413 246.738 200.623 183.845 232.361 255.695
ROTC2-180-305.pdb 1 A    1     C 301.551 176.4 61.505 147.116 232.591 283.783 180.046 309.066 237.612
ROTC2-180-310.pdb 1 A    1     U 286.431 198.417 72.253 153.053 262.487 277.941 183.305 310.144 238.469
ROTC2-185-130.pdb 1 A    1     A 270.451 192.469 58.706 152.671 225.065 140.196 189.539 133.488 249.675
ROTC2-185-140.pdb 1 A    1     C 309.386 164.208 50.987 144.886 270.595 137.213 187.652 143.783 73.77
ROTC2-185-145.pdb 1 A    1     A 281.4 168.961 73.641 134.539 268.135 149.931 188.977 149.486 241.127
ROTC2-185-160.pdb 1 A    1     G 307.993 166.822 56.89 140.389 250.789 163.488 186.786 163.52 65.24
ROTC2-185-165.pdb 1 A    1     G 62.511 122.792 296.228 162.938 295.264 114.273 185.385 167.234 309.216
ROTC2-185-175.pdb 1 A    1     C 298.844 183.748 42.002 148.566 273.832 133.205 186.05 175.705 292.882
ROTC2-185-185.pdb 1 A    1     U 283.917 188.915 64.666 150.488 248.467 195.401 186.769 187.167 230.533
ROTC2-185-190.pdb 1 A    1     U 235.097 232.659 57.398 151.886 235.264 199.043 189.402 190.182 239.058
ROTC2-185-225.pdb 1 A    1     A 283.706 229.609 57.692 153.058 200.95 212.445 189.769 228.743 283.045
ROTC2-185-245.pdb 1 A    1     A 298.371 200.378 49.556 148.079 264.659 211.611 186.52 247.328 72.638
ROTC2-185-285.pdb 1 A    1     A 303.078 163.388 70.624 152.849 248.292 269.03 188.913 285.753 243.698
ROTC2-185-295.pdb 1 A    1     A 304.311 184.468 61.104 156.563 266.94 244.35 189.299 298.413 251.139
ROTC2-185-325.pdb 1 A    1     U 304.273 173.918 57.882 151.775 251.62 309.295 187.89 329.705 249.365
ROTC2-185-65.pdb 1 A    1     A 52.126 162.846 294.866 153.71 233.032 77.855 187.084 69.557 62.254
ROTC2-190-105.pdb 1 A    1     U 315.012 169.827 57.333 145.849 221.155 121.197 192.091 107.815 230.955
ROTC2-190-125.pdb 1 A    1     G 308.147 163.249 54.826 139.343 266.643 106.286 190.488 127.956 71.137
ROTC2-190-130.pdb 1 A    1     G 299.884 176.118 57.333 145.802 259.465 125.664 190.957 131.184 238.737
ROTC2-190-155.pdb 1 A    1     U 309.41 164.122 60.344 139.398 249.754 165.055 192.71 157.022 226.388
ROTC2-190-165.pdb 1 A    1     U 301.281 172.21 60.789 149.659 260.59 174.579 192.169 168.348 231.466
ROTC2-190-175.pdb 1 A    1     A 291.171 156.227 43.838 151.369 276.62 93.794 191.161 175.079 234.295
ROTC2-190-180.pdb 1 A    1     A 296.396 195.8 48.973 121.433 237.726 184.142 194.899 184.337 294.839
ROTC2-190-285.pdb 1 A    1     G 310.877 170.154 48.018 143.335 262.111 273.877 191.425 289.211 74.592
ROTC2-190-295.pdb 1 A    1     C 285.76 213.172 58.865 147.563 242.184 259.677 191.262 297.074 225.17
ROTC2-190-300.pdb 1 A    1     C 113.733 119.211 309.228 167.211 273.002 230.44 194.31 301.474 247.153
ROTC2-190-305.pdb 1 A    1     U 299.003 177.005 57.473 140.927 258.14 290.597 190.49 305.587 235.021
ROTC2-190-310.pdb 1 A    1     U 302.027 181.051 61.198 146.523 243.994 263.791 194.755 314.363 236.572
ROTC2-190-315.pdb 1 A    1     U 299.844 190.399 52.52 144.572 256.045 292.443 193.04 315.126 233.539
ROTC2-190-320.pdb 1 A    1     G 303.749 183.512 51.766 143.213 255.573 317.112 192.928 324.017 245.367
ROTC2-190-330.pdb 1 A    1     U 307.414 170.664 58.952 141.036 249.974 289.349 193.515 330.629 241.779
ROTC2-190-70.pdb 1 A    1     A 47.333 170.843 297.819 153.119 235.164 79.199 191.027 70.793 57.527
ROTC2-195-300.pdb 1 A    1     U 294.93 175.616 63.451 136.58 269.069 289.468 199.217 303.598 240.33
ROTC2-195-335.pdb 1 A    1     U 274.122 220.427 54.538 155.905 266.248 301.092 195.965 339.404 238.188
ROTC2-195-85.pdb 1 A    1     U 281.727 169.49 46.869 151.45 255.248 71.689 198.128 86.433 251.836
ROTC2-200-120.pdb 1 A    1     A 297.756 164.898 52.56 148.489 241.131 90.862 201.643 120.214 204.645
ROTC2-200-165.pdb 1 A    1     G 303.409 196.755 48.924 146.72 242.983 171.504 204.42 167.077 265.486
ROTC2-200-170.pdb 1 A    1     A 297.839 142.851 53.952 150.614 278.748 136.571 201.687 174.314 253.18
ROTC2-200-185.pdb 1 A    1     A 287.995 234.055 49.5 147.737 238.181 168.81 204.957 188.178 303.338
ROTC2-200-230.pdb 1 A    1     G 290.508 159.604 55.42 148.291 268.008 220.116 204.449 232.418 198.46
ROTC2-200-275.pdb 1 A    1     A 67.116 123.512 291.085 157.129 281.765 226.061 202.122 275.014 68.275
ROTC2-200-305.pdb 1 A    1     C 300.603 186.856 54.523 149.407 270.751 249.347 200.667 305.707 247.282
ROTC2-200-310.pdb 1 A    1     C 306.741 164.294 64.694 137.612 271.252 286.295 202.815 311.12 233.351
ROTC2-200-315.pdb 1 A    1     U 300.502 181.28 62.506 137.257 254.066 308.04 201.994 317.283 226.921
ROTC2-200-60.pdb 1 A    1     G 64.468 213.925 195.855 143.344 283.74 87.718 202.921 60.855 228.958
ROTC2-200-65.pdb 1 A    1     A 62.286 181.51 296.014 138.263 249.764 62.566 200.646 68.908 260.08
ROTC2-205-200.pdb 1 A    1     G 162.107 190.085 183.141 145.418 228.316 243.312 206 202.457 203.536
ROTC2-205-245.pdb 1 A    1     G 314.781 155.109 59.311 141.638 278.768 214.56 206.174 245.199 240.799
ROTC2-205-285.pdb 1 A    1     A 305.116 134.483 56.146 141.381 269.782 267.154 206.124 285.925 294.969
ROTC2-205-315.pdb 1 A    1     A 292.088 197.509 59.604 145.938 269.562 294.6 205.029 316.983 237.866
ROTC2-210-195.pdb 1 A    1     G 298.566 227.88 49.377 129.833 230.946 192.26 212.236 195.994 278.129
ROTC2-210-285.pdb 1 A    1     A 92.657 211.463 175.638 136.338 270.781 283.511 210.561 285.57 279.201
ROTC2-210-295.pdb 1 A    1     C 108.27 257.086 193.797 133.266 262.977 313.223 212.491 299.348 201.445
ROTC2-210-320.pdb 1 A    1     G 316.003 174.321 62.489 158.097 259.31 289.929 210.181 321.295 243.116
ROTC2-215-120.pdb 1 A    1     C 298.848 184.604 50.411 145.677 224.578 157.109 217.937 121.98 232.054
ROTC2-215-125.pdb 1 A    1     A 283.976 186.544 43.799 149.494 255.499 90.713 219.655 128.141 227.617
ROTC2-215-205.pdb 1 A    1     A 293.025 243.721 52.679 144.41 279.145 177.551 219.608 206.131 214.621
ROTC2-215-265.pdb 1 A    1     U 76.863 181.367 291.997 145.405 249.153 295.859 219.043 266.314 269.967
ROTC2-215-290.pdb 1 A    1     A 302.211 183.661 50.096 142.551 264.641 287.739 216.108 294.789 262.844
ROTC2-220-115.pdb 1 A    1     C 298.439 226.597 50.436 148.169 260.091 95.743 220.675 116.812 274.816
ROTC2-225-100.pdb 1 A    1     U 301.032 220.08 52.077 144.012 271.994 87.643 226.126 103.712 226.841
ROTC2-225-235.pdb 1 A    1     A 301.554 210.798 68.661 151.517 265.612 192.509 225.22 238.119 273.095
ROTC2-225-310.pdb 1 A    1     U 267.775 168.414 74.872 138.48 274.746 258.919 228.514 313.087 235.866
ROTC2-225-85.pdb 1 A    1     G 188.384 195.355 190.112 139.425 234.799 141.987 226.657 85.067 267.319
ROTC2-230-10.pdb 1 A    1     A 225.808 90.369 146.334 151.426 274.038 73.763 233.397 13.983 214.144
ROTC2-230-305.pdb 1 A    1     A 307.509 233.263 53.649 147.965 283.694 258.591 231.801 308.73 255.001
ROTC2-230-80.pdb 1 A    1     A 300.162 170.698 51.294 134.673 268.248 77.484 233.938 84.459 200.532
ROTC2-230-90.pdb 1 A    1     A 293.22 182.518 45.924 139.244 262.81 62.999 231.909 93.22 213.177
ROTC2-230-95.pdb 1 A    1     U 307.388 221.333 49.718 135.178 279.228 76.483 234.159 99.24 245.878
ROTC2-235-105.pdb 1 A    1     G 83.855 180.358 289.93 145.093 323.484 75.505 239.147 109.147 262.681
ROTC2-235-125.pdb 1 A    1     G 303.845 227.949 53.008 151.261 285.432 88.448 238.926 129.661 292.109
ROTC2-235-135.pdb 1 A    1     C 298.087 242.841 65.19 145.248 240.543 119.548 239.617 135.014 245.335
ROTC2-235-140.pdb 1 A    1     C 299.39 248.949 55.733 148.613 235.168 122.683 235.293 142.975 233.82
ROTC2-240-70.pdb 1 A    1     G 49.838 237.813 299.225 152.484 259.559 75.262 241.38 73.577 249.681
ROTC2-25-315.pdb 1 A    1     U 56.681 201.017 54.995 148.067 261.038 260.313 26.974 319.262 242.334
ROTC2-250-50.pdb 1 A    1     U 316.365 238.283 52.692 141.966 245.437 54.462 251.665 54.251 236.756
ROTC2-255-95.pdb 1 A    1     U 46.235 138.48 40.166 150.068 219.64 113.844 256.977 99.262 222.178
ROTC2-260-35.pdb 1 A    1     A 283.135 92.453 163.197 147.931 218.029 117.83 261.862 36.327 239.776
ROTC2-265-35.pdb 1 A    1     U 71.773 245.202 292.122 148.283 228.589 76.815 265.271 36.552 239.367
ROTC2-270-165.pdb 1 A    1     G 68.907 250.149 284.16 155.735 282.176 188.794 272.412 169.013 271.528
ROTC2-275-265.pdb 1 A    1     U 62.98 181.937 24.562 139.597 234.394 273.557 278.355 268.37 282.682
ROTC2-280-240.pdb 1 A    1     A 56.429 249.831 295.051 141.831 242.386 299.807 282.97 243.563 70.302
ROTC2-280-245.pdb 1 A    1     A 188.491 189.352 168.772 154.721 263.931 281.775 281.627 246.782 285.873
ROTC2-280-30.pdb 1 A    1     G 14.072 275.224 279.826 155.325 189.914 140.036 284.033 33.123 274.901
ROTC2-280-315.pdb 1 A    1     A 299.489 240.041 49.8 141.309 266.708 294.642 280.497 319.45 284.072
ROTC2-285-65.pdb 1 A    1     A 327.326 209.505 54.266 142.839 249.616 67.435 288.733 69.289 233.961
ROTC2-285-95.pdb 1 A    1     G 82.872 187.054 295.115 154.994 280.006 76.179 288.401 98.969 182.3
ROTC2-295-150.pdb 1 A    1     U 68.875 159.521 56.867 135.541 217.881 171.156 298.969 151.077 230.329
ROTC2-30-310.pdb 1 A    1     A 64.087 196.015 53.168 146.425 266.335 253.923 30.868 310.616 252.87
ROTC2-305-315.pdb 1 A    1     A 38.328 150.576 50.147 149.591 258.452 293.797 309.541 319.024 244.699
ROTC2-310-20.pdb 1 A    1     G 260.443 78.622 176.343 145.615 191.783 146.373 311.221 23.696 251.386
ROTC2-310-220.pdb 1 A    1     C 288.292 156.752 181.295 147.094 264.667 260.859 313.803 221.924 240.823
ROTC2-310-25.pdb 1 A    1     A 315.152 126.179 174.289 148.674 198.469 122.92 312.639 26.761 67.657
ROTC2-310-300.pdb 1 A    1     G 69.096 158.09 52.876 153.54 230.356 288.07 310.875 302.818 166.285
ROTC2-315-100.pdb 1 A    1     U 94.07 181.952 35.322 144.332 258.591 70.176 318.233 103.918 231.135
ROTC2-315-175.pdb 1 A    1     A 269.392 222.019 146.846 157.21 264.492 158.739 317.8 176.529 227.476
ROTC2-315-20.pdb 1 A    1     G 282.203 78.54 177.41 149.934 194.755 145.826 319.073 22.081 257.718
ROTC2-315-25.pdb 1 A    1     G 279.167 86.145 174.1 147.556 195.817 143.035 318.468 25.81 260.717
ROTC2-315-310.pdb 1 A    1     A 87.942 172.166 63.159 154.813 251.029 292.602 318.72 314.836 223.751
ROTC2-315-75.pdb 1 A    1     G 32.904 197.418 41.583 147.566 247.856 80.032 318.35 79.382 234.988
ROTC2-320-20.pdb 1 A    1     G 283.19 77.143 182.321 147.675 184.72 154.117 321.068 22.076 263.773
ROTC2-325-300.pdb 1 A    1     U 63.473 175.525 62.749 154.095 237.838 290.881 329.142 303.034 235.075
ROTC2-325-355.pdb 1 A    1     A 85.472 187.231 59.316 152.099 254.243 288.762 329.732 355.38 221.803
ROTC2-325-75.pdb 1 A    1     A 60.898 225.969 45.1 144.801 201.957 88.848 326.679 76.963 247.873
ROTC2-325-95.pdb 1 A    1     U 73.506 187.087 59.596 148.885 240.801 104.214 326.284 96.822 228.384
ROTC2-330-10.pdb 1 A    1     G 299.596 84.977 164.189 149.476 192.126 145.278 332.202 13.217 260.635
ROTC2-330-300.pdb 1 A    1     U 120.618 166.94 45.069 142.483 268.157 302.406 334.202 301.834 246.208
ROTC2-330-55.pdb 1 A    1     A 304.378 160.828 186.987 147.47 202.389 156.454 331.097 56.352 220.556
ROTC2-335-340.pdb 1 A    1     U 75.277 136.2 54.606 148.663 265.7 312.363 335.583 342.744 236.729
ROTC2-335-60.pdb 1 A    1     G 81.278 166.695 36.874 150.706 251.855 67.462 337.829 63.12 240.021
ROTC2-335-80.pdb 1 A    1     C 59.588 216.586 65.316 145.443 215.723 54.296 335.051 82.296 219.932
ROTC2-340-145.pdb 1 A    1     U 70.446 137.694 50.219 140.774 280.1 93.04 340.023 147.443 243.245
ROTC2-340-350.pdb 1 A    1     C 49.554 159.284 49.681 148.447 272.486 320.823 341.736 352.505 224.029
ROTC2-345-140.pdb 1 A    1     C 105.184 196.468 50.874 145.054 280.299 79.053 349.194 140.778 221.66
ROTC2-345-145.pdb 1 A    1     A 62.401 193.481 50.63 145.542 260.677 118.079 346.619 149.858 228.252
ROTC2-345-280.pdb 1 A    1     U 287.718 199.422 177.931 145.691 267.828 288.029 346.823 282.257 221.462
ROTC2-345-340.pdb 1 A    1     A 54.099 163.327 55.966 146.521 263.329 321.064 347.843 340.558 251.057
ROTC2-35-175.pdb 1 A    1     A 168.061 130.953 53.1 151.181 253.473 161.562 39.154 179.269 215.623
ROTC2-35-180.pdb 1 A    1     A 162.257 138.98 56.487 152.788 237.901 176.098 35.549 182.135 217.609
ROTC2-35-280.pdb 1 A    1     U 165.017 168.696 58.731 150.597 281.142 218.482 39.667 280.161 237.672
ROTC2-350-100.pdb 1 A    1     U 84.95 172.406 21.6 139.631 265.862 73.891 351.676 101.771 241.42
ROTC2-350-290.pdb 1 A    1     C 65.438 227.378 41.557 141.593 249.875 288.46 354.509 293.358 252.805
ROTC2-355-210.pdb 1 A    1     A 60.026 232.006 54.49 152.109 246.297 198.406 356.35 213.866 291.298
ROTC2-40-280.pdb 1 A    1     C 189.627 219.818 301.581 147.751 266.433 305.57 40.384 281.939 245.64
ROTC2-45-110.pdb 1 A    1     G 173.239 215.198 52.586 153.867 232.826 128.753 47.756 113.563 217.534
ROTC2-45-120.pdb 1 A    1     A 161.932 146.638 53.232 152.973 260.793 106.007 46.767 123.027 231.368
ROTC2-45-160.pdb 1 A    1     A 170.76 134.396 48.146 144.697 257.073 158.366 48.999 163.769 229.551
ROTC2-45-170.pdb 1 A    1     A 145.343 167.039 46.087 151.888 288.313 107.482 49.73 171.483 235.444
ROTC2-45-290.pdb 1 A    1     A 74.009 233.675 70.71 149.489 290.259 240.94 46.588 291.903 228.325
ROTC2-45-325.pdb 1 A    1     C 101.622 231.461 64.775 147.072 263.45 290.305 47.154 325.419 230.248
ROTC2-5-315.pdb 1 A    1     U 103.655 146.052 55.69 144.93 270.684 282.44 6.743 318.93 234.178
ROTC2-5-345.pdb 1 A    1     U 73.168 178.626 59.815 148.094 268.713 326.302 6.425 348.184 242.168
ROTC2-5-350.pdb 1 A    1     U 77.971 170.354 59.434 147.443 293.064 299.292 5.508 353.404 243.799
ROTC2-50-295.pdb 1 A    1     C 160.584 150.991 51.609 147.421 262.314 235.975 52.61 296.305 216.498
ROTC2-55-150.pdb 1 A    1     C 165.346 159.12 40.736 145.397 276.473 142.706 58.536 154.326 236.683
ROTC2-55-290.pdb 1 A    1     U 167.33 165.678 55.991 137.737 256.418 285.781 57.305 293.498 239.266
ROTC2-55-55.pdb 1 A    1     G 282.632 196.381 286.162 152.872 234.858 76.107 59.786 56.277 68.262
ROTC2-60-150.pdb 1 A    1     U 173.114 140.935 52.261 144.714 281.909 102.126 63.889 151.797 213.81
ROTC2-60-160.pdb 1 A    1     C 166.929 153.924 44.364 148.132 293.467 100.211 60.725 164.651 221.276
ROTC2-60-165.pdb 1 A    1     U 162.714 148.175 51.888 147.565 293.007 112.09 64.544 168.379 221.564
ROTC2-60-180.pdb 1 A    1     C 166.698 152.091 40.568 145.769 289.253 110.859 60.096 182.665 228.608
ROTC2-60-300.pdb 1 A    1     G 176.999 184.42 48.254 151.158 273.883 265.242 62.343 301.264 244.397
ROTC2-65-25.pdb 1 A    1     A 293.458 172.068 287.034 137.514 219.178 53.406 67.711 27.342 239.545
ROTC2-65-280.pdb 1 A    1     A 166.801 187.973 57.791 147.16 251.472 266.356 65.004 280.06 254.632
ROTC2-70-125.pdb 1 A    1     U 175.67 189.548 64.11 132.688 276.062 82.386 74.746 125.28 219.809
ROTC2-70-175.pdb 1 A    1     U 193.858 221.384 60.419 149.916 250.284 168.35 72.96 178.398 220.161
ROTC2-70-260.pdb 1 A    1     C 107.647 236.038 68.963 147.298 226.436 259.996 71.012 261.536 225.619
ROTC2-80-170.pdb 1 A    1     G 51.773 93.845 181.568 145.549 252.642 229.981 83.206 171.1 47.175
ROTC2-85-155.pdb 1 A    1     U 186.299 220.502 44.278 138.156 273.818 159.414 89.592 155.006 231.479
ROTC2-85-320.pdb 1 A    1     U 202.498 151.493 51.727 141.294 276.163 295.071 86.956 324.372 242.533
ROTC2-85-80.pdb 1 A    1     G 60.606 184.733 182.309 145.21 234.365 135.994 88.787 81.873 274.464
ROTC2-90-285.pdb 1 A    1     A 205.99 186.029 51.777 137.912 239.915 286.942 94.857 285.992 299.307
ROTC2-90-45.pdb 1 A    1     C 285.501 215.617 306.275 154.878 257.504 94.273 90.539 48.605 62.836
ROTC2-95-315.pdb 1 A    1     G 239.503 123.303 32.149 131.845 272.831 286.228 97.154 319.33 233.697
ROTC3-0-195.pdb 1 A    1     A 264.668 241.532 184.906 86.988 222.855 279.104 0.216 196.19 183.475
ROTC3-0-210.pdb 1 A    1     C 91.657 191.489 54.556 83.409 200.015 291.95 2.725 212.28 194.368
ROTC3-0-240.pdb 1 A    1     U 154.42 148.575 45.732 93.622 221.448 290.004 0.517 240.567 193.041
ROTC3-10-235.pdb 1 A    1     A 165.659 146.742 46.6 93.926 228.231 282.238 10.879 238.663 190.297
ROTC3-100-215.pdb 1 A    1     C 198.865 153.008 41.198 80.95 208.891 288.43 104.12 218.648 193.773
ROTC3-105-100.pdb 1 A    1     A 179.671 181.96 54.446 88.722 215.921 148.008 105.029 101.15 86.379
ROTC3-105-220.pdb 1 A    1     U 113.586 153.037 188.54 88.211 226.328 298.27 106.97 224.797 226.86
ROTC3-110-140.pdb 1 A    1     C 300.31 260.578 284.319 85.465 200.223 287.131 113.378 141.379 188.163
ROTC3-110-145.pdb 1 A    1     A 75.398 141.399 187.82 79.849 210.755 277.296 114.328 148.745 265.048
ROTC3-110-180.pdb 1 A    1     A 67.568 136.191 176.571 84.616 221.654 293.311 114.776 181.883 179.028
ROTC3-110-215.pdb 1 A    1     A 212.64 230.231 56.555 87.895 216.249 274.162 110.533 217.676 219.527
ROTC3-110-220.pdb 1 A    1     A 231.642 121.12 82.476 77.616 232.321 278.187 114.524 224.913 176.984
ROTC3-110-250.pdb 1 A    1     A 183.239 189.935 51.037 81.86 241.876 298.157 114.906 251.569 87.895
ROTC3-115-225.pdb 1 A    1     G 60.827 197.575 170.189 90.971 231.155 299.091 117.041 227.507 61.897
ROTC3-115-305.pdb 1 A    1     C 59.014 183.854 174.557 88.799 205.503 53.776 117.614 305.073 63
ROTC3-120-200.pdb 1 A    1     A 173.355 125.936 172.381 92.573 233.679 296.577 123.599 202.993 190.88
ROTC3-120-205.pdb 1 A    1     C 281.223 177.708 30.492 76.223 207.817 287.948 121.731 206.395 189.866
ROTC3-125-210.pdb 1 A    1     C 276.811 181 39.049 82.186 206.35 287.017 126.138 210.463 189.379
ROTC3-125-215.pdb 1 A    1     C 288.495 168.602 40.663 82.319 212.073 285.601 128.23 215.808 182.413
ROTC3-125-220.pdb 1 A    1     A 260.739 147.104 43.462 82.207 205.669 291.042 125.862 222.331 203.134
ROTC3-125-230.pdb 1 A    1     G 260.031 191.907 49.291 81.249 199.029 292.226 126.532 234.399 193.9
ROTC3-130-175.pdb 1 A    1     C 72.222 188.593 182.827 83.649 198.726 290.079 134.983 177.96 183.546
ROTC3-130-180.pdb 1 A    1     G 77.031 201.521 185.14 85.162 217.932 280.688 130.282 183.924 188.333
ROTC3-130-215.pdb 1 A    1     A 287.841 151.645 52.971 78.442 202.203 293.559 134.088 215.599 192.89
ROTC3-130-220.pdb 1 A    1     A 216.646 169.471 35.975 87.032 215.332 283.821 131.534 220.94 183.268
ROTC3-130-255.pdb 1 A    1     C 220.585 171.359 45.726 76.583 209.138 314.19 130.597 258.524 203.172
ROTC3-130-320.pdb 1 A    1     C 268.963 246.369 288.766 81.382 187.689 84.594 131.155 324.591 204.145
ROTC3-135-185.pdb 1 A    1     G 128.626 197.34 179.763 80.116 208.188 292.805 137.04 188.811 186.132
ROTC3-135-210.pdb 1 A    1     C 280.466 182.615 49.388 82.746 222.965 275.108 139.635 211.58 191.893
ROTC3-135-220.pdb 1 A    1     G 173.237 225.208 54.501 87.739 215.661 282.291 136.536 221.645 168.526
ROTC3-135-225.pdb 1 A    1     A 63.166 228.567 199.46 78.091 209.526 315.916 137.873 227.076 215.864
ROTC3-135-245.pdb 1 A    1     G 201.891 173.45 51.893 84.461 216.634 312.822 136.709 249.655 175.472
ROTC3-135-290.pdb 1 A    1     A 269.741 186.135 50.25 84.214 224.446 316.481 139.73 290.698 207.054
ROTC3-140-150.pdb 1 A    1     C 173.389 76.337 169.245 84.343 216.896 284.716 141.543 154.488 200.29
ROTC3-140-170.pdb 1 A    1     A 285.681 172.07 49.593 78.474 202.967 280.928 144.534 174.323 201.66
ROTC3-140-180.pdb 1 A    1     A 66.445 231.073 196.679 76.546 223.447 304.057 142.145 184.309 189.571
ROTC3-140-195.pdb 1 A    1     C 276.511 171.925 54.769 77.805 195.113 284.498 144.591 198.042 204.869
ROTC3-140-205.pdb 1 A    1     C 75.211 228.259 178.99 82.103 215.509 292.541 140.021 205.78 189.585
ROTC3-140-210.pdb 1 A    1     U 196.851 178.935 59.073 79.005 198.995 297.417 141.837 212.617 194.796
ROTC3-140-225.pdb 1 A    1     G 239.092 156.321 55.248 84.823 216.687 298.289 142.965 226.619 262.152
ROTC3-145-190.pdb 1 A    1     A 137.809 185.357 179.313 82.785 212.9 293.969 149.297 192.06 195.765
ROTC3-145-200.pdb 1 A    1     A 163.625 153.09 187.017 81.782 255.786 283.171 149.622 201.123 243.411
ROTC3-145-205.pdb 1 A    1     A 284.872 184.316 49.595 78.987 205.684 287.316 148.836 208.896 196.741
ROTC3-145-210.pdb 1 A    1     U 221.875 168.049 52.039 79.798 204.253 289.819 148.969 212.97 192.684
ROTC3-145-215.pdb 1 A    1     A 263.712 167.989 33.366 93.711 209.541 278.351 147.153 218.017 266.245
ROTC3-145-220.pdb 1 A    1     U 296.372 169.036 45.387 79.303 212.794 294.001 146.824 222.801 197.575
ROTC3-145-225.pdb 1 A    1     C 283.115 177.846 48.95 84.951 210.63 296.321 148.418 226.536 187.271
ROTC3-145-230.pdb 1 A    1     U 291.719 167.045 49.053 82.618 214.404 300.136 149.841 232.392 198.286
ROTC3-145-240.pdb 1 A    1     C 265.285 185.475 59.763 82.326 223.68 305.124 147.743 244.007 193.195
ROTC3-145-60.pdb 1 A    1     G 295.872 160.406 47.099 82.34 226.426 124.903 148.181 60.251 240.03
ROTC3-15-230.pdb 1 A    1     U 166.226 136.321 51.817 88.966 235.72 271.94 15.08 233.868 202.724
ROTC3-15-235.pdb 1 A    1     A 165.75 136.557 57.203 86.676 227.916 284.194 17.768 237.144 180.922
ROTC3-150-150.pdb 1 A    1     C 77.02 204.303 176.323 84.945 196.248 263.361 151.49 152.326 249.297
ROTC3-150-165.pdb 1 A    1     G 293.131 161.646 57.927 80.075 191.612 279.295 152.943 167.559 204.863
ROTC3-150-180.pdb 1 A    1     U 65.62 224.884 198.911 83.919 212.645 290.862 153.099 184.298 197.671
ROTC3-150-185.pdb 1 A    1     G 146.589 178.83 182.268 80.323 215.789 288.625 154.852 185.407 188.164
ROTC3-150-190.pdb 1 A    1     G 273.025 172.784 66.606 75 196.468 282.556 151.581 194.267 190.151
ROTC3-150-195.pdb 1 A    1     G 141.538 200.534 177.655 83.262 216.502 288.341 153.201 196.175 186.949
ROTC3-150-200.pdb 1 A    1     C 296.199 163.65 54.263 78.804 206.472 278.796 153.44 203.548 194.986
ROTC3-150-205.pdb 1 A    1     U 284.721 171.26 50.373 74.194 198.516 297.093 153.149 206.961 204.191
ROTC3-150-210.pdb 1 A    1     G 294.115 168.667 50.194 81.12 207.201 286.505 153.421 212.614 192.68
ROTC3-150-215.pdb 1 A    1     C 308.194 159.061 42.238 78.554 202.226 294.136 152.58 217.702 195.269
ROTC3-150-220.pdb 1 A    1     U 293.432 173.677 47.698 78.934 218.409 291.605 152.141 223.377 197.677
ROTC3-150-225.pdb 1 A    1     G 279.473 167.293 58.072 86.113 222.527 288.497 153.215 227.952 193.813
ROTC3-150-230.pdb 1 A    1     G 279.683 166.652 75.798 74.253 202.745 314.809 153.609 230.216 191.604
ROTC3-150-235.pdb 1 A    1     A 292.877 186.047 51.476 82.108 218.197 304.556 152.435 238.218 192.656
ROTC3-150-240.pdb 1 A    1     U 276.482 180.366 58.876 77.917 219.264 310.638 154.982 240.955 189.452
ROTC3-150-250.pdb 1 A    1     C 286.238 160.625 62.489 82.814 199.683 307.505 154.152 251.399 199.261
ROTC3-150-340.pdb 1 A    1     C 286.36 163.086 59.599 83.5 211.984 51.284 152.196 344.173 208.028
ROTC3-155-155.pdb 1 A    1     U 172.318 125.12 177.115 83.34 226.334 271.379 157.314 156.261 201.233
ROTC3-155-160.pdb 1 A    1     G 70.541 141.752 254.71 77.93 211.27 289.539 159.046 164.505 187.687
ROTC3-155-165.pdb 1 A    1     G 303.412 169.831 42.551 75.744 202.155 279.973 158.488 166.502 202.183
ROTC3-155-170.pdb 1 A    1     G 313.871 155.867 50.43 79.768 173.546 269.526 157.885 171.876 206.292
ROTC3-155-175.pdb 1 A    1     A 298.007 171.603 42.006 77.445 205.035 261.336 157.991 179.237 199.421
ROTC3-155-180.pdb 1 A    1     A 148.469 188.836 179.585 80.007 212.26 285.254 157.237 182.597 189.385
ROTC3-155-185.pdb 1 A    1     G 148.131 197.682 179.898 81.906 221.47 280.265 157.855 186.961 192.381
ROTC3-155-195.pdb 1 A    1     C 291.7 125.66 56.677 73.149 188.556 282.238 157.715 197.642 189.203
ROTC3-155-200.pdb 1 A    1     A 156.514 183.586 170.719 82.712 232.586 284.693 158.376 200.751 184.914
ROTC3-155-205.pdb 1 A    1     U 294.65 167.568 52.365 78.431 202.28 288.538 158.567 208.006 203.104
ROTC3-155-210.pdb 1 A    1     C 308.769 151.644 53.247 80.458 209.467 283.681 157.759 212.801 201.575
ROTC3-155-215.pdb 1 A    1     C 294.631 169.792 47.479 81.819 212.979 286.723 157.372 218.018 202.259
ROTC3-155-220.pdb 1 A    1     U 291.073 175.761 50.888 79.525 193.048 290.011 157.761 222.471 199.588
ROTC3-155-225.pdb 1 A    1     G 293.243 168.842 50.342 83.886 213.888 292.746 158.004 226.662 188.81
ROTC3-155-230.pdb 1 A    1     A 290.089 174.494 52.97 80.514 216.443 301.681 159.219 233.623 189.54
ROTC3-155-235.pdb 1 A    1     A 300.035 161.81 52.165 80.276 190.15 294.194 157.695 237.475 206.316
ROTC3-155-240.pdb 1 A    1     A 298.246 151.522 53.896 83.128 231.749 300.818 159.327 243.788 232.687
ROTC3-155-245.pdb 1 A    1     U 280.286 179.731 53.431 80.243 214.503 295.965 157.822 246.56 205.193
ROTC3-155-25.pdb 1 A    1     A 294.475 158.688 53.53 79.15 214.242 61.423 155.57 28.238 209.502
ROTC3-155-250.pdb 1 A    1     G 278.462 174.446 58.193 83.565 224.028 311.006 159.806 251.658 205.474
ROTC3-155-255.pdb 1 A    1     A 294.683 163.183 52.791 81.736 204.314 290.318 157.926 255.905 206.851
ROTC3-155-265.pdb 1 A    1     G 287.062 177.45 50.621 80.719 223.347 294.584 158.527 265.224 198.543
ROTC3-155-335.pdb 1 A    1     C 107.439 247.657 187.748 85.455 192.416 59.409 157.359 336.46 188.004
ROTC3-155-340.pdb 1 A    1     C 303.625 162.818 52.754 81.343 204.598 64.409 159.163 342.061 207.297
ROTC3-155-355.pdb 1 A    1     U 87.473 228.936 196.535 82.693 196.224 123.701 157.321 357.896 201.173
ROTC3-160-125.pdb 1 A    1     A 299.885 155.339 58.082 89.736 230.693 160.239 163.987 127.682 193.485
ROTC3-160-160.pdb 1 A    1     U 276.179 214.351 55.418 78.644 217.2 241.423 162.723 160.728 198.471
ROTC3-160-165.pdb 1 A    1     C 152.439 174.773 183.781 81.27 207.105 283.81 162.175 168.023 187.82
ROTC3-160-175.pdb 1 A    1     U 142.426 195.562 185.982 80.016 211.931 282.174 162.1 178.27 186.972
ROTC3-160-180.pdb 1 A    1     G 291.873 168.882 52.977 83.109 218.595 276.44 162.165 181.859 218.855
ROTC3-160-185.pdb 1 A    1     G 143.354 194.168 183.108 84.158 213.156 286.006 161.855 186.998 175.777
ROTC3-160-190.pdb 1 A    1     C 297.201 159.493 59.55 80.517 205.266 280.932 164.285 193.898 204.518
ROTC3-160-195.pdb 1 A    1     A 282.394 169.056 68.685 76.593 202.367 279.167 162.379 196.738 183.678
ROTC3-160-200.pdb 1 A    1     A 330.557 130.417 72.486 77.058 194.113 281.766 162.197 203.699 190.889
ROTC3-160-205.pdb 1 A    1     C 289.17 177.711 53.409 81.198 199.142 289.263 162.591 207.589 196.755
ROTC3-160-210.pdb 1 A    1     C 279.723 182.948 58.275 80.57 209.831 284.001 162.621 212.179 197.112
ROTC3-160-215.pdb 1 A    1     U 300.676 168.243 50.428 82.003 206.183 290.348 162.478 217.117 203.033
ROTC3-160-220.pdb 1 A    1     A 292.543 166.191 54.877 81.434 216.452 286.461 162.045 222.432 193.187
ROTC3-160-225.pdb 1 A    1     G 297.644 168.461 53.078 80.827 212.735 297.112 161.904 227.694 192.423
ROTC3-160-230.pdb 1 A    1     A 291.269 174.511 50.163 83.706 214.902 298.854 162.113 232.599 188.902
ROTC3-160-235.pdb 1 A    1     U 288.256 179.929 53.926 82.376 217.98 302.318 162.814 236.531 191.968
ROTC3-160-240.pdb 1 A    1     G 288.178 180.269 49.166 78.335 218.964 300.305 162.677 242.79 201.68
ROTC3-160-245.pdb 1 A    1     G 295.976 172.775 43.256 83.425 226.333 291.724 164.273 248.042 193.197
ROTC3-160-25.pdb 1 A    1     A 303.237 153.601 58.493 82.754 208.301 63.22 160.868 26.09 192.912
ROTC3-160-250.pdb 1 A    1     A 289.177 167.374 57.27 84.708 220.496 314.653 162.556 253.02 213.807
ROTC3-160-255.pdb 1 A    1     U 302.343 161.968 58.874 83.297 236.37 305.889 161.435 257.263 198.799
ROTC3-160-270.pdb 1 A    1     G 305.868 168.41 43.956 80.657 208.725 310.525 163.715 273.756 212.327
ROTC3-160-295.pdb 1 A    1     C 293.447 172.043 44.737 87.17 250.471 314.735 161.273 299.7 202.906
ROTC3-160-30.pdb 1 A    1     U 291.149 174.892 52.367 81.93 196.483 112.476 163.682 32.466 210.466
ROTC3-160-330.pdb 1 A    1     C 293.411 175.841 49.828 80.806 206.274 44.073 162.402 334.685 207.755
ROTC3-160-335.pdb 1 A    1     C 300.275 172.152 48.962 77.193 209.249 49.432 164.057 335.004 201.232
ROTC3-160-340.pdb 1 A    1     C 296.837 169.35 51.749 82.914 209.887 59.236 163.948 340.818 217.386
ROTC3-160-345.pdb 1 A    1     A 289.846 174.284 55.624 82.931 200.792 51.704 160.921 345.098 194.216
ROTC3-160-55.pdb 1 A    1     U 287.195 170.6 58.163 80.77 215.344 125.964 160.822 58.281 205.119
ROTC3-165-0.pdb 1 A    1     A 297.033 172.167 58.725 80.885 178.597 75.277 169.348 1.357 206.982
ROTC3-165-115.pdb 1 A    1     C 286.519 193.268 54.087 86.633 258.502 163.479 166.94 119.599 210.218
ROTC3-165-120.pdb 1 A    1     U 299.1 180.517 44.145 81.561 212.529 165.136 168.947 121.021 200.136
ROTC3-165-150.pdb 1 A    1     A 279.69 191.482 52.901 81.316 218.756 238.212 169.203 152.275 204.162
ROTC3-165-155.pdb 1 A    1     U 299.368 164.798 55.894 80.783 212.144 228.178 169.65 156.192 210.508
ROTC3-165-160.pdb 1 A    1     C 284.702 182.15 51.267 83.471 238.292 215.816 168.865 163.375 209.91
ROTC3-165-170.pdb 1 A    1     A 155.185 177.882 178.18 88.928 245.578 257.295 166.557 172.499 178.023
ROTC3-165-175.pdb 1 A    1     G 293.83 182.069 47.229 79.242 213.466 221.451 165.64 175.259 194.816
ROTC3-165-180.pdb 1 A    1     G 154.593 188.998 178.272 82.573 212.835 285.771 167.675 182.941 180.401
ROTC3-165-185.pdb 1 A    1     C 64.135 217.506 194.258 88.57 233.209 270.15 168.065 187.967 187.32
ROTC3-165-190.pdb 1 A    1     A 157.753 187.441 178.481 83.066 225.664 285.244 168.504 192.763 186.189
ROTC3-165-195.pdb 1 A    1     C 302.972 171.763 46.841 75.226 201.577 283.648 166.468 197.654 207.573
ROTC3-165-200.pdb 1 A    1     C 290.857 185.53 50.555 79.329 204.501 281.946 167.061 202.104 192.182
ROTC3-165-205.pdb 1 A    1     C 295.306 168.263 55.574 77.537 204.591 287.275 167.21 207.251 198.203
ROTC3-165-210.pdb 1 A    1     C 295.583 180.468 45.715 78.991 206.451 287.982 167.602 212.506 201.361
ROTC3-165-215.pdb 1 A    1     C 291.058 181.621 52.224 81.486 211.326 290.814 167.599 217.233 203.881
ROTC3-165-220.pdb 1 A    1     C 293.266 176.306 55.301 78.951 212.031 295.291 167.253 222.121 199.441
ROTC3-165-225.pdb 1 A    1     A 292.955 175.68 52.649 84.302 219.53 289.767 167.019 227.652 202.907
ROTC3-165-230.pdb 1 A    1     G 291.336 175.392 56.066 83.405 222.383 293.415 167.488 232.869 196.031
ROTC3-165-235.pdb 1 A    1     C 291.465 176.938 55.926 84.256 217.987 303.153 168.54 237.891 196.487
ROTC3-165-240.pdb 1 A    1     G 288.203 180.568 49.417 80.935 224.326 295.562 167.595 242.299 187.136
ROTC3-165-245.pdb 1 A    1     U 308.094 161.148 53.474 86.107 228.951 301.602 166.681 249.317 206.403
ROTC3-165-250.pdb 1 A    1     U 288.302 171.929 61.327 79.527 197.324 320.442 167.223 251.379 202.828
ROTC3-165-255.pdb 1 A    1     A 282.147 184.822 53.045 100.467 242.6 285.424 166.701 255.034 164.913
ROTC3-165-260.pdb 1 A    1     A 291.206 170.262 51.869 85.59 221.887 289.267 166.716 263.706 221.876
ROTC3-165-265.pdb 1 A    1     A 283.927 174.97 54.927 82.13 213.616 296.804 168.738 268.597 236.322
ROTC3-165-270.pdb 1 A    1     U 278.288 177.216 57.004 85.581 252.476 274.638 167.892 274.267 203.294
ROTC3-165-320.pdb 1 A    1     C 287.023 160.308 60.128 87.036 252.894 333.574 167.612 321.15 199.913
ROTC3-165-330.pdb 1 A    1     C 297.056 169.852 54.425 82.357 213.835 46.048 167.355 333.859 200.881
ROTC3-165-335.pdb 1 A    1     G 291.897 173.835 51.308 77.987 196.21 54.946 165.948 336.882 211.965
ROTC3-165-340.pdb 1 A    1     U 296.927 167.371 55.875 84.47 206.944 59.222 168.803 344.985 207.307
ROTC3-165-355.pdb 1 A    1     G 299.351 169.374 55.634 74.814 191.88 56.03 166.061 357.658 191.176
ROTC3-165-70.pdb 1 A    1     G 290.628 178.247 51.528 79.652 216.334 141.335 165.611 70.808 214.249
ROTC3-165-75.pdb 1 A    1     G 288.681 173.452 53.106 83.919 224.074 132.515 168.335 75.565 213.332
ROTC3-165-85.pdb 1 A    1     C 281.042 166.632 62.897 82.955 258.019 101.753 169.233 89.617 217.796
ROTC3-165-90.pdb 1 A    1     U 303.47 167.578 54.518 83.609 217.946 165.125 169.676 92.073 209.792
ROTC3-170-150.pdb 1 A    1     A 283 195.717 47.743 79.717 246.528 179.6 174.816 150.424 221.722
ROTC3-170-155.pdb 1 A    1     C 296.504 181.831 45.338 88.337 222.758 196.814 171.871 159.491 203.999
ROTC3-170-165.pdb 1 A    1     G 293.66 172.068 62.917 87.157 182.586 256.768 172.543 169.417 194.418
ROTC3-170-170.pdb 1 A    1     C 283.679 196.903 52.574 83.82 220.716 233.329 174.417 171.183 200.537
ROTC3-170-175.pdb 1 A    1     A 143.147 192.701 186.495 86.413 205.878 284.906 173.358 176.905 184.73
ROTC3-170-180.pdb 1 A    1     C 152.983 192.887 181.792 82.673 219.135 281.453 170.252 181.912 183.309
ROTC3-170-185.pdb 1 A    1     C 305.063 172.35 44.752 83.939 221.679 214.942 172.044 185.323 205.688
ROTC3-170-190.pdb 1 A    1     U 292.31 173.76 59.886 86.165 208.607 270.632 173.069 190.973 208.493
ROTC3-170-195.pdb 1 A    1     G 156.807 194.887 180.855 88.029 217.539 292.525 173.55 197.373 177.682
ROTC3-170-200.pdb 1 A    1     C 301.693 172.945 53.858 79.341 196.464 285.2 171.955 202.11 198.247
ROTC3-170-205.pdb 1 A    1     U 297.344 184.073 48.306 77.945 208.478 286.115 172.886 207.725 197.946
ROTC3-170-210.pdb 1 A    1     A 300.169 174.637 51.564 82.615 217.674 276.922 172.684 212.471 196.609
ROTC3-170-215.pdb 1 A    1     C 298.479 174.554 52.082 79.767 213.799 288.201 171.779 217.373 196.419
ROTC3-170-220.pdb 1 A    1     C 296.564 183.828 48.68 81.169 208.673 297.822 172.364 222.68 197.272
ROTC3-170-225.pdb 1 A    1     C 293.933 186.754 50.506 79.706 185.621 293.922 172.279 227.474 192.887
ROTC3-170-230.pdb 1 A    1     C 305.422 177.866 45.284 80.945 217.488 300.548 172.627 232.44 201.294
ROTC3-170-235.pdb 1 A    1     A 287.195 185.782 55.583 84.467 214.879 302.994 172.833 237.822 195.341
ROTC3-170-240.pdb 1 A    1     C 292.542 188.225 50.231 82.767 201.038 295.541 172.357 242.401 208.265
ROTC3-170-245.pdb 1 A    1     A 286.43 200.382 59.604 91.944 233.787 290.617 174.216 247.927 166.812
ROTC3-170-25.pdb 1 A    1     U 299.709 171.388 55.615 83.275 196.418 104.081 171.389 28.396 202.969
ROTC3-170-250.pdb 1 A    1     G 297.364 182.05 50.593 84.656 209.62 305.893 173.634 252.18 198.081
ROTC3-170-265.pdb 1 A    1     C 289.389 177.111 53.69 85.276 233.382 290.978 171.805 267.071 200.457
ROTC3-170-275.pdb 1 A    1     A 288.627 177.64 53.864 86.218 216.237 302.979 170.861 277.507 235.87
ROTC3-170-330.pdb 1 A    1     G 295.972 176.682 54.492 79.381 211.864 46.182 171.522 333.135 194.538
ROTC3-170-335.pdb 1 A    1     C 293.611 174.638 58.044 83.141 208.727 50.313 171.693 339.592 209.956
ROTC3-170-55.pdb 1 A    1     C 289.258 185.353 52.707 80.746 225.004 132.397 174.382 55.401 205.758
ROTC3-170-75.pdb 1 A    1     U 305.51 168.187 52.703 84.613 205.499 149.574 173.598 78.646 203.177
ROTC3-170-85.pdb 1 A    1     U 289.646 188.547 51.747 82.894 215.808 159.915 172.677 87.593 202.429
ROTC3-175-10.pdb 1 A    1     G 291.244 183.323 50.084 85.566 233.177 73.594 177.676 11.582 212.141
ROTC3-175-100.pdb 1 A    1     C 286.503 169.592 59.173 84.844 265.33 105.128 175.029 101.844 203.935
ROTC3-175-15.pdb 1 A    1     G 305.291 170.063 57.608 82.862 197.386 69.856 179.372 19.596 198.396
ROTC3-175-160.pdb 1 A    1     U 290.404 170.432 62.237 88.111 249.906 198.258 179.356 160.911 205.484
ROTC3-175-175.pdb 1 A    1     C 162.642 186.395 177.379 83.397 210.256 283.366 176.57 178.11 190.454
ROTC3-175-185.pdb 1 A    1     U 310.032 168.695 54.439 84.509 192.083 270.464 177.333 189.242 204.751
ROTC3-175-190.pdb 1 A    1     G 300.294 175.677 55.593 72.616 192.658 284.933 176.21 191.414 211.719
ROTC3-175-195.pdb 1 A    1     C 157.88 230.342 170.32 84.85 226.439 270.7 176.375 198.16 191.995
ROTC3-175-200.pdb 1 A    1     G 302.9 174.554 54.695 81.096 204.258 278.44 176.771 201.125 195.252
ROTC3-175-205.pdb 1 A    1     C 167.311 185.193 182.363 81.728 233.309 297.739 178.637 207.557 182.613
ROTC3-175-210.pdb 1 A    1     U 301.242 175.424 55.339 78.525 213.983 279.096 177.562 212.518 195.263
ROTC3-175-215.pdb 1 A    1     G 289.408 168.679 70.46 81.384 217.744 275.823 177.512 218.296 192.213
ROTC3-175-220.pdb 1 A    1     G 299.701 180.124 52.123 85.242 212.887 289.682 178.192 222.614 193.623
ROTC3-175-225.pdb 1 A    1     U 304.637 167.306 54.576 84.064 227.337 281.52 178.046 227.765 204.561
ROTC3-175-230.pdb 1 A    1     G 313.788 140.374 80.115 80.704 215.012 299.634 177.162 232.943 191.118
ROTC3-175-235.pdb 1 A    1     A 292.414 186.613 51.32 81.261 222.551 301.641 177.272 236.969 193.496
ROTC3-175-240.pdb 1 A    1     C 295.847 179.642 52.632 81.446 230.972 274.854 177.8 243.117 201.916
ROTC3-175-245.pdb 1 A    1     A 284.378 204.063 58.59 83.388 240.885 293.731 176.679 247.117 182.738
ROTC3-175-255.pdb 1 A    1     A 240.25 239.681 88.318 77.712 204.508 284.729 177.498 256.893 194.471
ROTC3-175-260.pdb 1 A    1     A 334.128 139.396 52.996 88.604 233.086 304.71 177.645 261.893 172.848
ROTC3-175-265.pdb 1 A    1     A 301.097 127.989 49.509 82.359 226.654 313.652 176.502 266.817 169.555
ROTC3-175-275.pdb 1 A    1     A 275.694 177.227 61.241 91.768 254.751 293.406 175.786 275.979 230.787
ROTC3-175-335.pdb 1 A    1     C 298.294 180.412 54.885 82.852 201.305 54.929 177.127 336.647 196.526
ROTC3-175-60.pdb 1 A    1     C 303.029 179.509 51.447 81.933 222.446 134.343 179.819 63.16 206.757
ROTC3-175-75.pdb 1 A    1     A 291.282 183.475 52.752 85.073 208.586 157.183 176.259 77.024 213.711
ROTC3-175-95.pdb 1 A    1     G 288.803 191.308 51.15 81.19 211.804 182.308 175.481 99.531 201.763
ROTC3-180-110.pdb 1 A    1     C 178.556 162.497 186.613 84.98 223.365 202.005 183.898 112.73 208.651
ROTC3-180-120.pdb 1 A    1     C 299.575 159.446 82.083 76.901 202.074 208.162 183.924 123.833 190.004
ROTC3-180-165.pdb 1 A    1     G 214.246 127.913 160.966 82.085 217.43 280.888 183.231 166.512 177.632
ROTC3-180-170.pdb 1 A    1     A 285.856 147.767 41.743 83.524 236.129 247.688 183.989 172.043 228.314
ROTC3-180-175.pdb 1 A    1     G 66.088 138.438 285.755 80.144 202.328 294.372 182.216 176.998 189.031
ROTC3-180-180.pdb 1 A    1     G 156.973 201.055 184.519 81.48 219.061 277.977 181.767 181.018 180.597
ROTC3-180-185.pdb 1 A    1     G 160.622 185.574 186.829 82.906 218.297 289.723 183.005 186.48 187.941
ROTC3-180-205.pdb 1 A    1     G 143.632 224.356 186.417 94.612 223.852 282.597 183.165 207.428 172.887
ROTC3-180-210.pdb 1 A    1     A 304.952 149.566 54.043 83.011 223.152 275.91 180.886 211.579 194.811
ROTC3-180-215.pdb 1 A    1     A 297.195 178.359 57.276 83.543 222.3 278.993 182.242 217.476 193.349
ROTC3-180-220.pdb 1 A    1     C 305.425 173.962 52.799 84.092 224.3 274.347 181.808 222.598 203.669
ROTC3-180-225.pdb 1 A    1     A 302.584 180.698 53.282 82.344 212.281 297.969 181.25 229.185 196.022
ROTC3-180-230.pdb 1 A    1     A 293.175 153.072 45.352 81.972 223.101 290.272 181.305 231.789 184.327
ROTC3-180-235.pdb 1 A    1     G 287.923 163.41 48.545 87.725 241.356 279.392 182.509 237.817 194.247
ROTC3-180-240.pdb 1 A    1     A 306.809 163.864 50.563 85.126 246.074 243.028 181.899 242.483 204.134
ROTC3-180-245.pdb 1 A    1     C 301.131 169.839 56.584 82.449 233.721 297.916 181.284 247.679 194.356
ROTC3-180-25.pdb 1 A    1     A 300.272 177.636 58.617 82.921 204.912 81.554 181.285 28.468 201.176
ROTC3-180-250.pdb 1 A    1     G 293.094 170.218 64.044 84.191 247.744 291.639 182.1 253.071 190.617
ROTC3-180-265.pdb 1 A    1     A 292.275 154.641 44.448 85.407 223.204 296.091 180.204 265.527 271.804
ROTC3-180-35.pdb 1 A    1     A 150.951 204.893 189.346 84.197 247.724 96.002 181.998 38.157 192.444
ROTC3-185-110.pdb 1 A    1     C 141.542 202.758 197.476 87.466 193.815 238.875 186.386 114.118 192.337
ROTC3-185-180.pdb 1 A    1     G 200.429 133.699 155.052 83.825 229.741 280.7 189.221 182.361 183.971
ROTC3-185-195.pdb 1 A    1     U 172.274 181.216 186.081 83.964 223.432 294.846 188.538 195.713 180.144
ROTC3-185-205.pdb 1 A    1     A 313.067 174.131 52.777 77.955 205.292 284.761 185.396 206.975 191.515
ROTC3-185-210.pdb 1 A    1     A 307.556 144.084 43.736 81.023 212.43 275.761 186.75 211.225 194.138
ROTC3-185-215.pdb 1 A    1     A 310.824 175.921 51.958 82.768 210.556 288.542 186.993 216.681 202.599
ROTC3-185-220.pdb 1 A    1     G 304.087 170.245 45.86 83.156 214.853 289.692 186.001 223.878 176.956
ROTC3-185-230.pdb 1 A    1     G 282.957 190.807 60.34 84.349 217.494 296.835 188.234 232.166 185.151
ROTC3-185-235.pdb 1 A    1     C 303.769 170.733 62.173 84.243 224.806 293.263 187.4 236.373 193.737
ROTC3-185-240.pdb 1 A    1     A 296.906 162.123 52.879 79.446 235.186 296.34 187.226 243.848 181.443
ROTC3-185-265.pdb 1 A    1     A 308.34 154.619 50.825 93.82 248.594 293.729 185.434 265.57 246.975
ROTC3-190-180.pdb 1 A    1     A 241.009 89.232 161.109 89.422 226.13 294.515 194.099 181.044 175.978
ROTC3-190-195.pdb 1 A    1     A 243.905 78.928 160.153 89.968 245.66 295.886 191.085 199.055 180.169
ROTC3-190-200.pdb 1 A    1     A 241.75 77.714 161.023 94.77 247.919 292.948 191.821 201.252 183.434
ROTC3-190-205.pdb 1 A    1     U 292.657 183.053 60.594 89.621 239.488 268.313 192.411 208.034 200.844
ROTC3-190-210.pdb 1 A    1     A 288.133 175.55 61.219 89.729 271.267 199.824 193.437 212.403 229.578
ROTC3-190-230.pdb 1 A    1     U 262.641 179.992 107.573 82.995 219.772 304.688 190.877 233.243 180.03
ROTC3-190-240.pdb 1 A    1     A 306.976 166.677 55.002 89.895 204.492 307.741 190.72 240.94 196.691
ROTC3-190-250.pdb 1 A    1     U 304.091 189.869 58.785 84.149 246.89 286.387 193.353 250.335 181.548
ROTC3-190-330.pdb 1 A    1     C 302.375 206.275 46.946 79.133 179.3 47.995 194.489 334.755 250.075
ROTC3-190-65.pdb 1 A    1     A 296.881 198.4 54.097 86.209 210.814 94.076 191.399 67.967 205.705
ROTC3-195-145.pdb 1 A    1     C 205.075 96.372 177.373 79.391 213.711 285.261 197.082 148.752 189.345
ROTC3-195-155.pdb 1 A    1     C 316.082 187.06 35.742 79.898 181.341 251.739 195.539 155.354 193.715
ROTC3-195-165.pdb 1 A    1     G 70.384 156.792 281.061 80.012 213.852 281.634 197.673 168.871 198.412
ROTC3-195-170.pdb 1 A    1     A 226.995 107.025 170.688 83.785 231.037 286.602 197.024 173.614 192.3
ROTC3-195-175.pdb 1 A    1     U 294.857 186.84 47.852 76.488 189.313 272.611 199.627 178.036 198.3
ROTC3-195-210.pdb 1 A    1     A 286.851 177.322 49.636 80.9 209.957 285.535 195.924 211.919 190.931
ROTC3-195-215.pdb 1 A    1     G 304.956 162.659 46.404 80.249 212.119 287.059 196.781 217.736 187.509
ROTC3-195-220.pdb 1 A    1     G 282.373 182.62 51.9 82.913 209.282 296.277 199.549 224.791 182.465
ROTC3-195-95.pdb 1 A    1     C 293.064 181.896 59.22 87.893 270.449 94.479 198.249 98.381 203.953
ROTC3-20-210.pdb 1 A    1     A 180.245 145.012 46.839 83.559 209.265 278.667 23.871 213.505 210.845
ROTC3-20-230.pdb 1 A    1     C 158.448 164.355 51.148 87.935 237.402 277.95 23.777 232.212 213.205
ROTC3-20-235.pdb 1 A    1     G 171.093 142.008 54.241 82.107 219.541 295.643 20.962 236.327 192.083
ROTC3-20-245.pdb 1 A    1     A 67.688 214.66 73.098 94.655 214.199 296.772 21.561 247.009 175.244
ROTC3-200-140.pdb 1 A    1     A 259.063 72.349 170.409 85.507 206.751 282.765 204.367 141.611 180.947
ROTC3-200-165.pdb 1 A    1     G 265.651 79.91 180.713 78.189 245.659 283.505 201.326 169.031 162.944
ROTC3-200-190.pdb 1 A    1     A 254.056 79.589 161.193 85.074 243.519 297.481 200.486 193.609 175.472
ROTC3-200-195.pdb 1 A    1     G 87.237 246.967 185.098 84.512 218.595 277.041 201.13 198.831 184.216
ROTC3-200-225.pdb 1 A    1     A 296.435 173.967 49.297 81.38 219.941 293.267 202.552 227.398 186.97
ROTC3-205-135.pdb 1 A    1     G 258.609 67.236 174.639 79.11 204.598 287.533 207.005 138.293 193.128
ROTC3-205-175.pdb 1 A    1     A 251.604 78.054 177.01 84.208 234.969 299.088 208.628 175.963 175.953
ROTC3-210-135.pdb 1 A    1     G 266.721 61.472 178.645 80.708 207.952 287.621 213.015 138.424 194.242
ROTC3-210-140.pdb 1 A    1     G 260.795 65.486 176.875 83.688 205.153 291.316 211.418 142.486 193.134
ROTC3-210-155.pdb 1 A    1     C 295.55 219.867 61.572 88.841 195.995 211.669 213.23 155.746 259.394
ROTC3-210-170.pdb 1 A    1     A 261.62 74.46 174.507 84.716 240.813 293.791 212.59 174.077 173.057
ROTC3-210-180.pdb 1 A    1     A 26.077 274.21 255.394 98.521 219.852 308.316 211.462 182.663 186.006
ROTC3-210-195.pdb 1 A    1     A 290.453 238.277 64.794 89.603 237.04 199.167 212.844 198.422 243.989
ROTC3-210-200.pdb 1 A    1     G 88.01 253.418 183.099 84.863 227.735 279.084 211.631 202.409 183.512
ROTC3-215-170.pdb 1 A    1     G 188.343 173.513 181.574 81.21 214.511 278.156 218.896 171.61 190.398
ROTC3-220-155.pdb 1 A    1     U 259.676 100.384 175.708 83.071 213.637 292.785 222.136 159.241 189.248
ROTC3-220-165.pdb 1 A    1     A 277.433 101.213 172.315 83.875 219.668 294.75 221.021 169.336 172.192
ROTC3-220-170.pdb 1 A    1     G 303.833 172.842 49.589 92.031 260.489 200.583 220.665 171.845 266.173
ROTC3-220-70.pdb 1 A    1     G 299.41 221.606 61.615 85.184 191.942 154.407 220.985 72.17 262.561
ROTC3-230-185.pdb 1 A    1     G 303.355 214.845 80.577 92.293 234.43 207.64 234.67 185.733 287.199
ROTC3-230-215.pdb 1 A    1     G 293.255 204.345 54.987 85.16 204.569 293.244 233.049 218.843 188.55
ROTC3-230-225.pdb 1 A    1     G 300.81 191.134 53.019 85.784 206.477 301.333 231.132 228.616 188.414
ROTC3-230-250.pdb 1 A    1     U 294.98 197.426 59.344 86.052 239.449 292.126 234.632 252.489 196.994
ROTC3-240-220.pdb 1 A    1     G 58.501 143.729 47.777 81.751 218.879 278.812 241.65 220.171 178.245
ROTC3-245-135.pdb 1 A    1     C 277.457 80.11 180.267 82.978 215.518 280.013 248.792 139.852 191.96
ROTC3-245-165.pdb 1 A    1     G 310.078 223.465 61.905 89.099 233.63 190.505 246.264 167.648 77.211
ROTC3-245-215.pdb 1 A    1     C 32.588 147.353 45.639 82.762 209.252 284.507 248.599 219.385 182.294
ROTC3-245-225.pdb 1 A    1     C 66.033 140.33 44.36 84.784 220.372 281.602 248.724 228.223 195.126
ROTC3-245-230.pdb 1 A    1     G 293.793 191.33 51.066 89.012 223.917 289.513 245.268 234.902 176.996
ROTC3-245-60.pdb 1 A    1     A 274.439 228.518 125.161 84.521 245.709 111.347 247.162 62.793 185.091
ROTC3-25-225.pdb 1 A    1     G 150.083 186.404 60.165 88.197 221.114 285.979 29.454 227.805 186.739
ROTC3-25-230.pdb 1 A    1     C 157.6 181.145 53.682 85.948 215.184 296.829 26.468 232.614 190.141
ROTC3-250-55.pdb 1 A    1     A 82.401 128.233 38.898 84.487 217.571 115.039 252.979 57.467 192.91
ROTC3-255-230.pdb 1 A    1     G 65.335 148.465 46.78 85.993 229.283 278.844 255.134 231.396 177.478
ROTC3-255-235.pdb 1 A    1     A 320.361 235.04 70.71 84.157 215.434 299.038 257.685 239.866 184.491
ROTC3-255-25.pdb 1 A    1     A 66.519 220.747 296.271 99.869 207.441 137.866 257.813 25.606 69.646
ROTC3-260-225.pdb 1 A    1     A 57.737 158.907 49.865 85.27 230.455 282.094 260.923 229.88 195.746
ROTC3-260-35.pdb 1 A    1     A 56.25 145.048 56.014 85.21 246.98 82.269 262.392 38.316 183.545
ROTC3-260-60.pdb 1 A    1     C 311.178 234.27 50.497 85.165 199.162 148.634 261.493 62.01 210.813
ROTC3-270-220.pdb 1 A    1     A 85.703 140.408 56.279 81.043 207.15 291.335 271.215 224.578 192.81
ROTC3-270-235.pdb 1 A    1     G 66.524 118.678 43.645 80 209.236 295.388 272.666 235.361 190.791
ROTC3-270-245.pdb 1 A    1     C 61.396 150.845 57.781 81.306 232.28 299.782 272.32 249.099 195.871
ROTC3-270-30.pdb 1 A    1     U 291.607 144.756 184.497 81.414 212.781 129.397 271.093 31.085 192.838
ROTC3-270-5.pdb 1 A    1     U 63.858 121.662 40.093 83.276 207.874 47.421 270.921 8.988 202.366
ROTC3-280-150.pdb 1 A    1     A 284.449 148.565 183.398 78.228 191.064 284.448 281.692 152.701 199.788
ROTC3-280-190.pdb 1 A    1     A 282.124 185.176 179.977 83.865 219.543 291.01 283.734 193.973 195.914
ROTC3-280-200.pdb 1 A    1     A 294.522 187.27 166.667 86.506 217.075 289.799 282.12 200.082 196.008
ROTC3-280-255.pdb 1 A    1     A 58.71 126.49 52.43 84.103 228.94 300.585 284.066 255.046 182.091
ROTC3-285-175.pdb 1 A    1     G 286.621 189.719 173.525 83.847 211.769 249.252 288.658 175.1 195.791
ROTC3-285-355.pdb 1 A    1     A 304.559 141.518 178.098 85.926 199.227 128.748 286.176 357.257 230.284
ROTC3-290-175.pdb 1 A    1     U 64.698 167.088 50.8 89.415 237.371 256.205 294.088 179.368 225.296
ROTC3-295-235.pdb 1 A    1     G 56.776 136.064 50.063 83.176 222.753 292.273 299.398 239.283 188.13
ROTC3-295-260.pdb 1 A    1     A 56.944 136.047 55.404 83.55 236.733 307.509 296.2 264.54 177.854
ROTC3-295-270.pdb 1 A    1     A 60.165 180.072 56.199 88.934 261.23 256.063 299.745 274.241 278.632
ROTC3-295-35.pdb 1 A    1     U 56.38 127.065 47.546 83.797 184.008 117.004 295.978 39.909 186.945
ROTC3-30-225.pdb 1 A    1     C 170.286 164.846 51.811 85.187 217.843 289.448 31.205 228.579 188.822
ROTC3-300-110.pdb 1 A    1     A 73.106 173.254 52.297 85.437 233.185 171.04 301.782 110.287 191.637
ROTC3-300-185.pdb 1 A    1     A 297.146 159.889 194.358 77.606 224.143 296.671 303.421 187.297 192.399
ROTC3-300-220.pdb 1 A    1     G 54.152 160.156 44.926 84.108 218.349 281.717 303.825 221.484 180.685
ROTC3-300-230.pdb 1 A    1     A 79.629 135.834 45.899 82.585 233.726 275.033 303.605 232.421 214.622
ROTC3-300-25.pdb 1 A    1     A 43.044 126.83 54.34 89.805 240.484 60.318 301.902 25.301 251.456
ROTC3-305-200.pdb 1 A    1     C 76.345 177.302 57.013 80.343 202.866 278.211 308.384 200.398 189.812
ROTC3-305-215.pdb 1 A    1     A 56.469 178.983 48.282 85.516 200.332 296.419 306.56 219.942 191.316
ROTC3-305-225.pdb 1 A    1     G 77.094 182.428 53.553 88.832 209.88 294.843 306.967 228.958 182.252
ROTC3-305-95.pdb 1 A    1     C 57.326 163.269 67.207 89.696 261.794 95.371 308.5 99.551 195.096
ROTC3-310-215.pdb 1 A    1     G 46.349 160.052 50.179 84.227 216.24 279.664 312.189 216.866 185.962
ROTC3-310-225.pdb 1 A    1     G 49.421 177.21 51.778 83.652 195.498 303.427 312.741 227.197 184.338
ROTC3-310-35.pdb 1 A    1     A 76.471 152.771 46.328 86.843 205.328 105.933 310.587 35.919 193.093
ROTC3-315-185.pdb 1 A    1     C 299.135 165.7 190.344 79.567 191.549 288.369 319.782 185.124 206.206
ROTC3-315-220.pdb 1 A    1     G 60.636 160.822 43.466 82.396 213.397 287.136 318.4 220.924 190.723
ROTC3-320-195.pdb 1 A    1     U 307.852 187.807 194.672 86.338 237.047 282 324.232 199.192 194.403
ROTC3-320-200.pdb 1 A    1     U 308.513 174.343 198.888 92.568 235.338 289.836 323.423 201.14 198.59
ROTC3-320-215.pdb 1 A    1     G 109.031 164.446 57.458 86.28 213.577 282.893 321.831 219.658 181.167
ROTC3-320-230.pdb 1 A    1     U 80.082 145.944 49.853 81.808 220.483 287.925 322.78 230.208 187.14
ROTC3-320-235.pdb 1 A    1     G 54.165 207.514 58.897 88.985 222.661 292.3 323.451 235.989 174.835
ROTC3-320-240.pdb 1 A    1     A 57.919 199.212 55.027 92.203 231.139 289.931 323.461 242.691 171.933
ROTC3-325-215.pdb 1 A    1     G 41.619 173.929 49.459 85.891 210.356 286.12 327.099 217.885 178.15
ROTC3-330-210.pdb 1 A    1     C 55.922 169.071 48.808 80.812 208.625 286.605 331.116 212.781 198.511
ROTC3-330-220.pdb 1 A    1     G 66.995 177.68 49.817 86.744 217.784 286.142 333.556 224.707 181.876
ROTC3-335-230.pdb 1 A    1     G 74.356 158.296 59.366 87.039 203.797 301.072 339.777 230.83 191.656
ROTC3-340-210.pdb 1 A    1     A 291.306 224.398 183.032 92.298 228.919 293.466 341.469 213.721 178.186
ROTC3-340-235.pdb 1 A    1     G 89.99 169.373 50.853 94.471 227.167 280.844 341.892 235.31 176.51
ROTC3-340-330.pdb 1 A    1     U 64.618 211.555 58.887 82.532 168.8 51.642 344.754 333.006 206.818
ROTC3-345-215.pdb 1 A    1     U 82.361 201.114 57.476 80.193 214.969 283.177 346.717 215.361 195.931
ROTC3-345-225.pdb 1 A    1     C 149.438 157.808 47.907 81.885 214.889 292.887 349.804 228.062 198.519
ROTC3-345-260.pdb 1 A    1     C 147.942 149.536 44.218 86.835 229.608 312.913 348.135 264.167 185.362
ROTC3-345-35.pdb 1 A    1     G 118.584 116.189 38.415 83.632 219.435 56.72 348.981 39.735 233.983
ROTC3-350-295.pdb 1 A    1     A 49.371 201.954 57.344 91.333 21.746 183.105 353.409 299.704 259.353
ROTC3-355-240.pdb 1 A    1     G 150.014 161.418 42.841 88.779 230.891 291.918 356.372 243.954 183.161
ROTC3-355-265.pdb 1 A    1     C 70.524 183.297 54.621 79.154 174.33 34.469 355.356 266.028 208.531
ROTC3-355-320.pdb 1 A    1     G 310.19 150.51 178.248 85.934 205.549 90.632 357.17 323 80.922
ROTC3-45-150.pdb 1 A    1     G 47.517 105.339 172.487 79.343 221.411 279.925 47.621 150.787 178.005
ROTC3-45-220.pdb 1 A    1     C 172.549 172.09 55.719 82.672 219.433 285.077 47.153 220.156 214.446
ROTC3-45-245.pdb 1 A    1     A 107.197 206.583 62.222 88.735 229.802 295.388 47.214 246.76 180.644
ROTC3-5-85.pdb 1 A    1     A 92.356 195.595 56.281 86.204 235.632 99.812 8.496 89.642 194.364
ROTC3-55-220.pdb 1 A    1     A 214.191 122.981 31.934 90.059 244.38 217.446 59.92 220.046 240.935
ROTC3-55-50.pdb 1 A    1     C 106.433 229.719 68.438 86.913 212.03 75.436 58.746 50.375 204.903
ROTC3-60-155.pdb 1 A    1     A 213.234 261.933 285.915 92.493 197.023 299.345 63.935 155.895 202.292
ROTC3-60-175.pdb 1 A    1     G 285.078 191.977 300.887 82.833 237.913 262.359 61.98 177.721 169.308
ROTC3-65-220.pdb 1 A    1     U 140.657 173.069 48.807 79.96 209.76 297.48 67.05 223.537 192.06
ROTC3-65-35.pdb 1 A    1     A 121.295 211.036 71.865 91.646 242.963 66.637 68.628 36.682 215.772
ROTC3-70-155.pdb 1 A    1     G 76.876 103.906 176.646 86.726 216.36 282.721 70.546 155.164 191.042
ROTC3-70-175.pdb 1 A    1     G 63.741 146.956 182.977 90.353 232.606 274.752 70.647 176.929 179.742
ROTC3-70-25.pdb 1 A    1     A 73.117 116.165 181.979 84.525 233.515 127.202 72.115 25.153 214.531
ROTC3-80-165.pdb 1 A    1     G 257.627 219.015 285.616 88.83 199.737 297.27 83.223 168.378 184.665
ROTC3-85-155.pdb 1 A    1     A 72.281 147.193 195.309 87.516 225.373 263.108 86.917 156.669 212.148
ROTC3-85-175.pdb 1 A    1     A 259.097 246.643 266.838 87.961 222.238 301.079 89.258 178.846 195.403
ROTC3-90-220.pdb 1 A    1     G 192.805 146.306 45.261 82.903 206.153 291.761 91.772 223.5 187.184
ROTC3-95-210.pdb 1 A    1     A 174.623 186.498 54.312 78.186 201.874 299.658 99.69 214.627 186.464
ROTC3-95-255.pdb 1 A    1     A 65.086 199.701 187.419 83.336 259.084 324.767 99.706 257.922 64.426

