# label model chain number ins type alpha beta gamma delta epsilon zeta eta theta chi
ROTC2-0-0.pdb 1 A    1     G 282.632 196.381 286.162 152.872 234.858 76.107 59.786 56.277 68.262
ROTC2-0-120.pdb 1 A    1     A 170.76 134.396 48.146 144.697 257.073 158.366 48.999 163.769 229.551
ROTC2-0-180.pdb 1 A    1     A 162.257 138.98 56.487 152.788 237.901 176.098 35.549 182.135 217.609
ROTC2-0-240.pdb 1 A    1     U 165.017 168.696 58.731 150.597 281.142 218.482 39.667 280.161 237.672
ROTC2-0-300.pdb 1 A    1     U 56.681 201.017 54.995 148.067 261.038 260.313 26.974 319.262 242.334
ROTC2-0-60.pdb 1 A    1     G 173.239 215.198 52.586 153.867 232.826 128.753 47.756 113.563 217.534
ROTC2-120-120.pdb 1 A    1     G 302.287 186.615 60.615 141.409 210.235 168.295 157.702 149.606 249.142
ROTC2-120-180.pdb 1 A    1     G 305.506 240.546 291.336 159.959 267.403 228.368 149.222 222.065 310.662
ROTC2-120-240.pdb 1 A    1     A 274.908 233.386 42.574 141.484 236.815 274.873 178.32 268.477 241.88
ROTC2-120-300.pdb 1 A    1     C 223.713 194.364 29.437 147.755 258.44 283.331 157.697 326.09 195.248
ROTC2-120-60.pdb 1 A    1     C 266.913 164.63 44.538 147.929 228.786 73.789 159.356 98.229 246.07
ROTC2-180-120.pdb 1 A    1     G 303.409 196.755 48.924 146.72 242.983 171.504 204.42 167.077 265.486
ROTC2-180-180.pdb 1 A    1     G 162.107 190.085 183.141 145.418 228.316 243.312 206 202.457 203.536
ROTC2-180-240.pdb 1 A    1     A 67.116 123.512 291.085 157.129 281.765 226.061 202.122 275.014 68.275
ROTC2-180-300.pdb 1 A    1     G 316.003 174.321 62.489 158.097 259.31 289.929 210.181 321.295 243.116
ROTC2-180-60.pdb 1 A    1     U 281.727 169.49 46.869 151.45 255.248 71.689 198.128 86.433 251.836
ROTC2-240-0.pdb 1 A    1     U 71.773 245.202 292.122 148.283 228.589 76.815 265.271 36.552 239.367
ROTC2-240-120.pdb 1 A    1     G 68.907 250.149 284.16 155.735 282.176 188.794 272.412 169.013 271.528
ROTC2-240-240.pdb 1 A    1     U 62.98 181.937 24.562 139.597 234.394 273.557 278.355 268.37 282.682
ROTC2-240-300.pdb 1 A    1     A 299.489 240.041 49.8 141.309 266.708 294.642 280.497 319.45 284.072
ROTC2-240-60.pdb 1 A    1     U 46.235 138.48 40.166 150.068 219.64 113.844 256.977 99.262 222.178
ROTC2-300-0.pdb 1 A    1     G 283.19 77.143 182.321 147.675 184.72 154.117 321.068 22.076 263.773
ROTC2-300-120.pdb 1 A    1     U 70.446 137.694 50.219 140.774 280.1 93.04 340.023 147.443 243.245
ROTC2-300-180.pdb 1 A    1     C 288.292 156.752 181.295 147.094 264.667 260.859 313.803 221.924 240.823
ROTC2-300-240.pdb 1 A    1     U 287.718 199.422 177.931 145.691 267.828 288.029 346.823 282.257 221.462
ROTC2-300-300.pdb 1 A    1     U 75.277 136.2 54.606 148.663 265.7 312.363 335.583 342.744 236.729
ROTC2-300-60.pdb 1 A    1     U 73.506 187.087 59.596 148.885 240.801 104.214 326.284 96.822 228.384
ROTC2-60-0.pdb 1 A    1     C 285.501 215.617 306.275 154.878 257.504 94.273 90.539 48.605 62.836
ROTC2-60-120.pdb 1 A    1     U 186.299 220.502 44.278 138.156 273.818 159.414 89.592 155.006 231.479
ROTC2-60-180.pdb 1 A    1     A 171.716 214.631 63.868 152.917 211.412 194.491 106.522 211.662 260.317
ROTC2-60-240.pdb 1 A    1     A 205.99 186.029 51.777 137.912 239.915 286.942 94.857 285.992 299.307
ROTC2-60-300.pdb 1 A    1     U 202.498 151.493 51.727 141.294 276.163 295.071 86.956 324.372 242.533
ROTC2-60-60.pdb 1 A    1     G 60.606 184.733 182.309 145.21 234.365 135.994 88.787 81.873 274.464
ROTC3-0-0.pdb 1 A    1     C 106.433 229.719 68.438 86.913 212.03 75.436 58.746 50.375 204.903
ROTC3-0-120.pdb 1 A    1     G 47.517 105.339 172.487 79.343 221.411 279.925 47.621 150.787 178.005
ROTC3-0-180.pdb 1 A    1     A 180.245 145.012 46.839 83.559 209.265 278.667 23.871 213.505 210.845
ROTC3-0-240.pdb 1 A    1     A 67.688 214.66 73.098 94.655 214.199 296.772 21.561 247.009 175.244
ROTC3-0-60.pdb 1 A    1     A 92.356 195.595 56.281 86.204 235.632 99.812 8.496 89.642 194.364
ROTC3-120-0.pdb 1 A    1     A 294.475 158.688 53.53 79.15 214.242 61.423 155.57 28.238 209.502
ROTC3-120-120.pdb 1 A    1     C 77.02 204.303 176.323 84.945 196.248 263.361 151.49 152.326 249.297
ROTC3-120-180.pdb 1 A    1     A 284.872 184.316 49.595 78.987 205.684 287.316 148.836 208.896 196.741
ROTC3-120-240.pdb 1 A    1     G 287.062 177.45 50.621 80.719 223.347 294.584 158.527 265.224 198.543
ROTC3-120-300.pdb 1 A    1     C 107.439 247.657 187.748 85.455 192.416 59.409 157.359 336.46 188.004
ROTC3-120-60.pdb 1 A    1     C 281.042 166.632 62.897 82.955 258.019 101.753 169.233 89.617 217.796
ROTC3-180-0.pdb 1 A    1     A 300.272 177.636 58.617 82.921 204.912 81.554 181.285 28.468 201.176
ROTC3-180-120.pdb 1 A    1     C 295.55 219.867 61.572 88.841 195.995 211.669 213.23 155.746 259.394
ROTC3-180-180.pdb 1 A    1     G 88.01 253.418 183.099 84.863 227.735 279.084 211.631 202.409 183.512
ROTC3-180-240.pdb 1 A    1     A 308.34 154.619 50.825 93.82 248.594 293.729 185.434 265.57 246.975
ROTC3-180-300.pdb 1 A    1     C 302.375 206.275 46.946 79.133 179.3 47.995 194.489 334.755 250.075
ROTC3-180-60.pdb 1 A    1     C 293.064 181.896 59.22 87.893 270.449 94.479 198.249 98.381 203.953
ROTC3-240-0.pdb 1 A    1     U 291.607 144.756 184.497 81.414 212.781 129.397 271.093 31.085 192.838
ROTC3-240-120.pdb 1 A    1     A 284.449 148.565 183.398 78.228 191.064 284.448 281.692 152.701 199.788
ROTC3-240-180.pdb 1 A    1     A 85.703 140.408 56.279 81.043 207.15 291.335 271.215 224.578 192.81
ROTC3-240-240.pdb 1 A    1     A 58.71 126.49 52.43 84.103 228.94 300.585 284.066 255.046 182.091
ROTC3-240-300.pdb 1 A    1     A 304.559 141.518 178.098 85.926 199.227 128.748 286.176 357.257 230.284
ROTC3-240-60.pdb 1 A    1     C 311.178 234.27 50.497 85.165 199.162 148.634 261.493 62.01 210.813
ROTC3-300-0.pdb 1 A    1     A 76.471 152.771 46.328 86.843 205.328 105.933 310.587 35.919 193.093
ROTC3-300-180.pdb 1 A    1     C 55.922 169.071 48.808 80.812 208.625 286.605 331.116 212.781 198.511
ROTC3-300-240.pdb 1 A    1     C 147.942 149.536 44.218 86.835 229.608 312.913 348.135 264.167 185.362
ROTC3-300-300.pdb 1 A    1     U 64.618 211.555 58.887 82.532 168.8 51.642 344.754 333.006 206.818
ROTC3-300-60.pdb 1 A    1     C 57.326 163.269 67.207 89.696 261.794 95.371 308.5 99.551 195.096
ROTC3-60-0.pdb 1 A    1     A 73.117 116.165 181.979 84.525 233.515 127.202 72.115 25.153 214.531
ROTC3-60-120.pdb 1 A    1     A 72.281 147.193 195.309 87.516 225.373 263.108 86.917 156.669 212.148
ROTC3-60-180.pdb 1 A    1     A 174.623 186.498 54.312 78.186 201.874 299.658 99.69 214.627 186.464
ROTC3-60-240.pdb 1 A    1     A 65.086 199.701 187.419 83.336 259.084 324.767 99.706 257.922 64.426
ROTC3-60-300.pdb 1 A    1     C 59.014 183.854 174.557 88.799 205.503 53.776 117.614 305.073 63
ROTC3-60-60.pdb 1 A    1     A 179.671 181.96 54.446 88.722 215.921 148.008 105.029 101.15 86.379
